 
 SAP2000 v24.1.0 File: TRUSS-KASSIMALI-115-DYNAMIC-INELASTIC  N, m, C Units  PAGE 1
 m/d/yy h:mm:ss
 
 T I M E   H I S T O R Y   D A T A 
 
 CASE  inelastic-0.002
 FUNCTION  axial-1:  Frame 1  Station 1  Axial Force    
 FUNCTION  axial-0:  Frame 0  Station 1  Axial Force    
 FUNCTION  axial-2:  Frame 2  Station 1  Axial Force    
 FUNCTION  axial-3:  Frame 3  Station 1  Axial Force    
 FUNCTION  axial-4:  Frame 4  Station 1  Axial Force    
 
       TIME    FUNCTION    FUNCTION    FUNCTION    FUNCTION    FUNCTION
                axial-1     axial-0     axial-2     axial-3     axial-4
         0.          0.          0.          0.          0.          0.
      0.002     7.91018     -2.5261      0.9477    -0.98579    -4.74801
      0.004    47.38707   -15.14257     5.67125     -5.9093   -28.45123
      0.006   149.70199   -47.88385    17.88691   -18.68638   -89.91786
      0.008   345.53833  -110.67273    41.19243   -43.18936  -207.66322
       0.01    664.7044  -213.26538    79.00961   -83.22552  -399.76628
      0.012  1135.85459  -365.19723   134.52899  -142.51599  -683.72971
      0.014   1786.2213  -575.73007    210.6572  -224.67515  -1076.3445
      0.016  2641.36028  -853.80069   309.96794  -333.19051  -1593.5603
      0.018  3724.91156  -1207.9713   434.65681  -471.40345  -2250.3627
       0.02  5058.37849  -1646.3822   586.50084  -642.49062  -3060.6578
      0.022  6660.15245   -2176.459    766.7303  -849.34987   -4036.701
      0.024  8544.56671  -2804.6247   975.90756  -1094.4877   -5188.541
      0.026   10722.537   -3536.511  1214.00029  -1380.1017   -6524.402
      0.028  13202.2339   -4377.173  1480.46241  -1708.1652   -8051.097
       0.03  15989.0071   -5331.066  1774.22857  -2080.4159    -9773.97
      0.032  19085.3357   -6402.013  2093.71522  -2498.3466  -11696.858
      0.034  22490.8053   -7593.191   2436.8282  -2963.1966  -13822.069
      0.036  26202.1128   -8907.109  2800.97691   -3475.945  -16150.363
      0.038   30213.098  -10345.596  3183.09486   -4037.306  -18680.955
       0.04   34514.801  -11909.789  3579.66653   -4647.722  -21411.518
      0.042    39099.08  -13601.256  3987.18327   -5307.807  -24340.331
      0.044   43962.213  -15423.113  4402.59815   -6018.776  -27468.412
      0.046   49101.409  -17378.883  4822.92705   -6782.003  -30797.398
      0.048   54511.301  -19471.343  5244.84828   -7598.573   -34327.42
       0.05      60184.  -21702.514  5664.73022   -8469.274   -38057.09
      0.052   66109.163  -24073.648  6078.66378   -9394.594   -41983.54
      0.054     72274.1  -26585.219  6482.49939  -10374.719   -46102.45
      0.056   78663.884  -29236.923  6871.88816  -11409.531   -50408.05
      0.058     85261.5   -32027.68  7242.32681  -12498.607   -54893.22
       0.06   92047.999   -34955.64  7589.20595  -13641.224   -59549.49
      0.062   98990.642   -38014.34   7906.4194  -14834.863   -64359.96
      0.064   106031.18   -41188.91  8184.99866  -16073.723   -69292.14
      0.066  113098.425   -44460.02  8414.67766  -17350.251   -74305.47
      0.068  120120.957   -47807.76  8585.48033  -18656.686   -79358.87
       0.07  127027.787   -51211.82  8687.86482  -19985.101   -84411.01
      0.072  130000.004   -54651.58  8715.23055  -21327.447   -89422.66
      0.074   130000.01   -58106.22  8668.11501  -22675.599   -94360.37
      0.076  130000.017   -61554.83  8553.43698  -24021.398   -99196.04
      0.078  130000.023   -64976.54  8380.07456  -25356.699  -103903.48
       0.08  130000.028   -68350.62  8156.91488  -26673.414  -108456.98
      0.082  130000.034   -71658.94  7893.63698  -27964.466  -112835.79
      0.084  130000.039   -74888.38  7601.50848  -29224.734  -117028.66
      0.086  130000.044   -78028.57  7292.45025  -30450.172  -121029.52
      0.088  130000.048   -81069.63  6978.09903   -31636.93  -124833.15
       0.09  130000.052   -84002.26  6669.74431   -32781.37  -128435.27
      0.092  130000.056   -86817.73   6377.4134   -33880.09    -130000.
      0.094   130000.06   -89507.97  6108.32751   -34929.94  -130000.01
      0.096  130000.064   -92065.61  5867.18797   -35928.04  -130000.01
      0.098  130000.067   -94484.01  5657.84539   -36871.81  -130000.01
        0.1  130000.071    -96757.3  5484.01691   -37758.95  -130000.01
      0.102  130000.074   -98878.37  5348.49661   -38586.68  -130000.02
      0.104  130000.077  -100836.79  5252.36731   -39350.94  -130000.02
      0.106   130000.08    -102621.  5195.76797   -40047.22  -130000.02
      0.108  130000.082   -104220.4  5178.66953   -40671.37  -130000.02
       0.11  130000.085   -105625.4   5200.8772   -41219.67  -130000.02
      0.112  130000.088  -106827.52  5262.03139   -41688.79  -130000.03
      0.114   130000.09  -107819.36  5361.60911   -42075.85  -130000.03
      0.116  130000.092  -108594.73  5498.92625   -42378.43  -130000.03
      0.118  130000.094  -109148.61  5673.14041   -42594.58  -130000.03
       0.12  130000.096  -109477.22  5883.25442   -42722.82  -130000.03
      0.122  130000.098  -109576.95  6127.70957   -42761.74  -130000.03
      0.124    130000.1  -109443.23  6403.97999   -42709.55  -130000.03
      0.126  130000.101  -109071.72    6708.993   -42564.57  -130000.03
      0.128  130000.102  -108459.39  7039.55418   -42325.61  -130000.04
       0.13  130000.103  -107604.54  7392.36192   -41992.02  -130000.04
      0.132  130000.104  -106506.84  7764.02131   -41563.64  -130000.04
      0.134  130000.104  -105167.26  8151.01131   -41040.88  -129897.63
      0.136  130000.105  -103588.16  8549.54919   -40424.65  -129577.25
      0.138  129949.211   -101773.2  8955.47404   -39716.37  -129031.67
       0.14  129595.186   -99727.35  9364.42337   -38917.99  -128254.97
      0.142    128931.5   -97458.87  9772.95105   -38032.73  -127246.55
      0.144  127966.986   -94981.21  10179.4527   -37065.84  -126015.03
      0.146  126719.516   -92310.98  10583.4169    -36023.8  -124574.48
      0.148  125209.601   -89465.88  10984.6618   -34913.51  -122940.48
       0.15  123460.198   -86464.54  11383.3141   -33742.26  -121130.12
      0.152    121496.5    -83326.5  11779.7819   -32517.66  -119161.76
      0.154  119345.695   -80072.02  12174.7251  -31247.616  -117054.97
      0.156   117036.72   -76722.02  12569.0204  -29940.302  -114830.37
      0.158  114599.982   -73297.97  12963.7238  -28604.085  -112509.44
       0.16  112067.084   -69821.71    13360.03  -27247.497  -110114.38
      0.162  109463.696   -66313.23   13758.412  -25878.334  -107663.87
      0.164  106802.497   -62788.31  14157.7717  -24502.756  -105168.77
      0.166  104089.877   -59260.66   14556.251  -23126.112   -102636.2
      0.168  101332.708     -55744.  14952.0544  -21753.755  -100073.57
       0.17   98538.278   -52251.98  15343.4531  -20391.016    -97488.5
      0.172   95714.221   -48798.12  15728.7885   -19043.17   -94888.79
      0.174   92868.452   -45395.74  16106.4742  -17715.412   -92282.36
      0.176   90009.088   -42057.86   16474.998  -16412.823   -89677.18
      0.178   87144.379   -38797.14  16832.9225  -15140.348   -87081.24
       0.18   84282.624   -35625.82  17178.8855   -13902.76   -84502.47
      0.182   81435.397    -32556.7  17511.9948  -12705.055   -81950.66
      0.184   78620.739  -29604.117  17832.2165  -11552.826   -79439.39
      0.186   75859.685  -26782.805  18139.9599  -10451.826   -76983.92
      0.188   73172.776  -24106.782  18435.6566   -9407.525   -74599.12
       0.19   70579.867  -21589.257  18719.7349   -8425.076   -72299.34
      0.192   68099.937  -19242.559  18992.5949   -7509.291   -70098.32
      0.194   65750.915   -17078.07  19254.5852   -6664.613   -68009.06
      0.196   63549.515  -15106.161  19505.9803   -5895.087   -66043.77
      0.198   61511.076  -13336.137  19746.9609   -5204.346   -64213.72
        0.2   59649.421   -11776.18  19977.5952   -4595.582   -62529.18
      0.202   57977.448   -10433.54  20197.9097   -4071.625   -60999.81
      0.204   56507.727   -9314.719   20407.961   -3635.012   -59634.95
      0.206   55251.667   -8425.209  20607.7348   -3287.886   -58443.19
      0.208   54218.687   -7769.229  20797.0479  -3031.8942   -57431.81
       0.21   53416.128   -7349.704  20975.5386  -2868.1773   -56606.78
      0.212   52849.188   -7168.248  21142.6607   -2797.365   -55972.67
      0.214   52520.871   -7225.153  21297.6819  -2819.5718   -55532.66
      0.216   52431.959    -7519.39  21439.6847   -2934.396   -55288.47
      0.218   52581.006   -8048.614  21567.5718  -3140.9224    -55240.4
       0.22   52964.353   -8809.176  21680.0751   -3437.727   -55387.28
      0.222   53569.772   -9794.106  21775.0021    -3822.09   -55722.69
      0.224   54370.194  -10991.107   21848.499   -4289.213   -56231.13
      0.226    55330.35  -12384.668   21895.871   -4833.041   -56892.03
      0.228    56413.49  -13958.188  21912.4173   -5447.098    -57683.7
       0.23   57581.726  -15694.066  21893.5022   -6124.514   -58583.53
      0.232   58796.386  -17573.803  21834.6279   -6858.069   -59568.11
      0.234    60018.38  -19578.099  21731.5063   -7640.234   -60613.51
      0.236   61208.557  -21686.968    21580.13   -8463.207   -61695.36
      0.238    62328.08  -23879.839  21376.8426   -9318.962   -62789.12
       0.24   63338.785  -26135.679  21118.4049  -10199.289   -63870.19
      0.242   64201.814  -28432.553  20801.8519   -11095.63   -64913.15
      0.244   64876.254  -30747.197  20424.3488  -11998.906   -65890.86
      0.246   65321.244    -33055.7  19983.4612  -12899.786   -66775.72
      0.248   65498.081   -35334.18  19477.4229   -13788.95   -67540.89
       0.25   65370.579   -37558.94    18905.19  -14657.147   -68160.56
      0.252   64905.409   -39706.55  18266.4879  -15495.238   -68610.06
      0.254    64072.41   -41754.03  17561.8503  -16294.255    -68866.1
      0.256   62844.868   -43678.95  16792.6483  -17045.443   -68906.95
      0.258   61199.765   -45459.56   15961.112  -17740.314   -68712.54
       0.26   59117.995    -47074.9  15070.3405  -18370.694   -68264.68
      0.262   56587.314   -48505.84  14124.6356  -18929.108    -67548.8
      0.264   53605.228   -49736.02  13129.8199  -19409.177   -66555.76
      0.266   50176.238   -50751.08  12092.8685  -19805.298    -65280.2
      0.268   46309.026   -51537.86  11021.5266  -20112.335   -63718.97
       0.27   42016.369   -52084.47  9924.24869  -20325.647   -61871.07
      0.272   37315.015   -52380.35  8810.12987  -20441.112   -59737.71
      0.274   32225.531   -52416.32  7688.82731   -20455.15   -57322.22
      0.276   26772.102   -52184.66  6570.47466  -20364.745   -54630.09
      0.278  20982.3052   -51679.11  5465.58895  -20167.458   -51668.85
       0.28  14886.8507   -50894.95  4384.97143  -19861.445   -48448.03
      0.282  8525.15022   -49830.87  3340.30497  -19446.195   -44982.59
      0.284  1950.80627   -48490.86  2344.73608  -18923.262   -41296.29
      0.286   -4774.751   -46882.29  1412.02772  -18295.527   -37418.01
      0.288  -11588.699   -45014.04    555.6994  -17566.454   -33377.96
       0.29  -18427.415   -42896.43  -211.13072  -16740.069  -29207.462
      0.292  -25227.067   -40541.15  -875.90192  -15820.936  -24938.686
      0.294   -31924.22   -37961.22  -1426.7637  -14814.134  -20604.398
      0.296   -38456.43    -35170.9  -1852.7232   -13725.23  -16237.692
      0.298   -44762.81   -32185.62  -2143.7865  -12560.243  -11871.733
        0.3   -50784.65  -29021.891  -2291.0909  -11325.616   -7539.489
      0.302   -56476.35  -25693.867  -2288.2816  -10026.875   -3267.198
      0.304    -61816.4  -22209.937  -2132.8571   -8667.292   932.11915
      0.306   -66797.05   -18576.01  -1824.9556   -7249.175  5052.48282
      0.308   -71413.95  -14798.829  -1366.1095   -5775.153  9088.71441
       0.31   -75666.18  -10885.931  -759.24019   -4248.168  13036.4754
      0.312   -79556.27   -6845.605    -8.63974  -2671.4555  16892.2953
      0.314   -83090.17  -2686.8464   880.05977  -1048.5254  20653.5915
      0.316   -86277.17  1580.69136  1899.92965   616.85516   24318.681
      0.318   -89129.86  5946.75238  3042.80023  2320.68385  27886.7828
       0.32   -91663.95  10400.5342  4299.32808  4058.74505   31358.013
      0.322   -93882.42  14925.7143  5660.96294    5824.669    34723.91
      0.324   -95759.68  19495.5072  7121.89523  7608.00282   37958.023
      0.326   -97257.61  24077.8465  8677.17733  9396.23279   41025.567
      0.328   -98341.61  28640.5962  10320.8253   11176.818   43893.131
       0.33   -98981.01   33151.729  12045.8198    12937.26   46528.926
      0.332   -99149.29   37579.503  13844.1178  14665.1721   48903.008
      0.334   -98824.34   41892.641  15706.6761  16348.3477   50987.492
      0.336   -97988.67   46060.499  17623.4858  17974.8288    52756.75
      0.338   -96629.56   50053.239  19583.6183  19532.9714   54187.585
       0.34    -94739.2   53841.996  21575.2827  21011.5107   55259.393
      0.342   -92326.38   57402.759   23584.497  22401.0767   55961.298
      0.344   -89428.12   60720.231   25593.792  23695.6998   56299.217
      0.346   -86097.59   63784.187  27583.7633  24891.3902   56288.789
      0.348   -82392.03   66585.811  29534.6548  25984.7068    55948.23
       0.35   -78372.12    69117.74  31426.5507  26972.7764   55298.171
      0.352   -74101.49   71374.105   33239.573  27853.3093   54361.477
      0.354   -69646.07   73350.569   34954.081  28624.6122   53163.044
      0.356   -65073.47   75044.344   36550.875  29285.5977    51729.59
      0.358   -60452.39   76454.212   38011.392  29835.7902   50089.427
       0.36   -55851.92   77580.529    39317.91  30275.3284   48272.221
      0.362   -51338.71   78424.516   40453.997  30604.6891   46307.421
      0.364   -46974.12   78987.547   41404.964  30824.4084   44222.684
      0.366   -42815.85   79271.847   42157.762  30935.3551    42044.98
      0.368   -38919.64    79281.19   42700.862  30939.0008   39801.697
       0.37   -35338.71    79020.87   43024.398  30837.4126   37520.422
      0.372   -32123.29    78497.68   43120.287  30633.2409   35228.719
      0.374  -29320.132    77719.87   42982.339  30329.7052   32953.913
      0.376  -26972.071   76697.101   42606.345   29930.576  30722.8762
      0.378  -25117.641   75440.394    41990.16  29440.1538  28561.8222
       0.38  -23790.702   73962.067   41133.752  28863.2457  26496.1064
      0.382  -23009.425   72272.249   40040.523  28203.8046  24543.6131
      0.384  -22765.429   70375.409   38718.593  27463.5742  22708.2042
      0.386  -23034.554   68273.745   37179.453  26643.4126  20986.1234
      0.388  -23787.797   65970.592   35436.581  25744.6211  19372.4643
       0.39   -24991.58   63470.402    33505.32  24768.9372  17861.2257
      0.392  -26608.074    60778.72   31402.745  23718.5247  16445.3778
      0.394  -28595.554   57902.153  29147.5062  22595.9621  15116.9387
      0.396  -30908.788   54848.333  26759.6623  21404.2276  13867.0597
      0.398   -33499.47   51625.876  24260.4986  20146.6833    12686.12
        0.4   -36316.69   48244.332  21672.3352  18827.0564  11563.8278
      0.402   -39323.07   44719.146  19016.4439  17451.3741  10498.7494
      0.404   -42510.86   41076.583  16310.9879  16029.8862  9507.76927
      0.406   -45886.28   37348.572  13572.7748  14575.0525  8616.56894
      0.408   -49453.81   33567.514  10819.0337  13099.5177  7850.03825
       0.41   -53216.12  29766.1062  8067.30803  11616.0414  7232.11321
      0.412   -57174.07  25977.1573  5335.34321  10137.4272  6785.62106
      0.414    -61326.7  22233.4073  2640.97226  8676.45165  6532.13428
      0.416   -65671.26  18567.3458     1.99789   7245.7935  6491.83457
      0.418   -70203.21  15011.0314  -2563.9269  5857.96347  6683.38666
       0.42   -74916.27  11595.9139   -5039.419  4525.23468  7123.82301
      0.422   -79796.98  8350.88396    -7406.82  3258.88155  7825.10228
      0.424   -84819.19   5300.3367   -9647.659  2068.42408  8790.70625
      0.426    -89949.9  2465.81227  -11743.469    962.2682  10018.9776
      0.428   -95155.16  -132.34718  -13676.611   -51.64768  11506.4968
       0.43  -100400.37  -2475.1102  -15430.428  -965.89668  13248.1325
      0.432   -105650.6   -4544.862  -16989.389  -1773.6047  15237.1028
      0.434  -110870.93   -6325.501   -18339.23  -2468.4883  17465.0476
      0.436  -116026.77   -7802.531  -19467.088  -3044.8901  19922.1112
      0.438  -121084.23   -8963.137  -20361.623    -3497.81  22597.0335
       0.44  -126010.36   -9796.261  -21013.126   -3822.931  25477.2507
      0.442  -130000.11  -10294.559  -21413.403   -4017.389  28545.8428
      0.444  -130000.11  -10456.341  -21558.006   -4080.523   31780.483
      0.446  -130000.11  -10283.683  -21448.756   -4013.144   35158.625
      0.448  -130000.12   -9780.514  -21091.314   -3816.786   38658.609
       0.45  -130000.12   -8952.597  -20492.614   -3493.697   42257.686
      0.452  -130000.13   -7807.498  -19660.789  -3046.8285    45932.14
      0.454  -130000.13   -6354.538  -18605.089  -2479.8199   49657.409
      0.456  -130000.13    -4604.75  -17335.799  -1796.9754   53408.229
      0.458  -130000.13  -2570.8079  -15864.145  -1003.2421   57158.765
       0.46  -130000.14   -266.9662  -14202.205  -104.18193    60882.76
      0.462  -130000.14  2289.91155  -12362.383   893.62402   64551.589
      0.464  -130000.14  5079.32836  -10356.891  1982.17692    68132.32
      0.466  -130000.14  8078.38294   -8198.043  3152.53968   71589.989
      0.468  -130000.14  11263.0115   -5898.569  4395.32155   74889.883
       0.47  -130000.14  14608.1208   -3471.488  5700.73008   77997.736
      0.472  -129607.91  18087.7279  -930.24013  7058.62554    80880.12
      0.474  -128706.03  21675.1039  1710.86677  8458.57712   83505.096
      0.476  -127280.39  25342.9219  4436.36736  9889.92076   85842.744
      0.478   -125321.8  29063.4093  7229.66144  11341.8183   87865.413
       0.48  -122826.02   32808.501   10073.116  12803.3176   89547.902
      0.482  -119806.68   36554.084  12946.6425  14265.0082   90875.306
      0.484  -116307.87   40284.214  15826.3098   15720.669   91850.783
      0.486  -112390.96   43987.124  18686.0826  17165.7071   92487.814
      0.488   -108121.2   47651.195   21499.593  18595.5885   92802.382
       0.49  -103567.13   51265.025  24240.3849  20005.8633   92812.818
      0.492   -98799.91   54817.488  26882.1631  21392.1906   92539.628
      0.494   -93892.67   58297.802  29399.0432  22750.3619   92005.297
      0.496    -88919.8   61695.583   31765.802  24076.3251   91234.093
      0.498   -83956.26   65000.905   33958.126  25366.2067   90251.844
        0.5   -79076.88   68204.354    35952.85  26616.3332   89085.714
      0.502   -74340.52   71292.252   37730.006  27821.3667   87754.886
      0.504   -69774.38   74241.901   39274.832  28972.4491   86261.315
      0.506    -65388.9   77026.537   40576.083  30059.1364   84598.769
      0.508   -61192.76   79620.314   41624.306  31071.3419    82761.94
       0.51   -57192.79   81998.442   42411.911   31999.392   80746.471
      0.512   -53393.94   84137.329   42933.228    32834.08   78548.977
      0.514   -49799.18   86014.708   43184.552   33566.715   76167.065
      0.516   -46409.53   87609.765   43164.164   34189.176   73599.342
      0.518     -43224.   88903.248   42872.351    34693.95   70845.429
       0.52   -40239.63    89877.58   42311.399   35074.178   67905.958
      0.522   -37457.31   90518.812   41484.876   35324.414   64786.068
      0.524   -34887.63   90818.556   40396.919   35441.388    61498.86
      0.526   -32544.92   90772.178   39052.907   35423.289   58061.814
      0.528  -30441.332   90376.963   37460.148   35269.059   54493.174
       0.53  -28586.712   89632.129   35627.837   34978.392   50811.821
      0.532  -26988.519   88538.835   33567.012   34551.741   47037.144
      0.534  -25651.757   87100.172  31290.4853   33990.311   43188.914
      0.536  -24578.928   85321.146  28812.7711   33296.057    39287.15
      0.538  -23770.018   83208.649  26149.9888   32471.668    35351.99
       0.54    -23222.5   80771.426  23319.7593  31520.5566  31403.5643
      0.542  -22931.362   78020.021  20341.0872  30446.8373  27461.8705
      0.544  -22889.158   74966.719  17234.2309  29255.3049  23546.6471
      0.546  -23086.086   71625.481  14020.5616  27951.4073  19677.2566
      0.548  -23510.084   68011.866  10722.4134  26541.2159  15872.5699
       0.55  -24146.949    64142.94  7362.92356  25031.3914  12150.8562
      0.552  -24980.475   60037.189  3965.86581  23429.1469   8529.6786
      0.554  -25992.613   55714.409   555.47695  21742.2085  5025.79595
      0.556  -27163.644   51195.602  -2843.7215  19978.7715  1655.07135
      0.558  -28472.372   46502.856   -6207.105  18147.4559  -1567.6123
       0.56  -29896.327   41659.223   -9510.132  16257.2577   -4628.429
      0.562   -31408.49   36687.479  -12728.107  14317.0649   -7516.776
      0.564   -32974.07  31608.8792  -15835.959  12335.1724   -10227.41
      0.566    -34554.3  26444.1581  -18808.859  10319.6714  -12758.359
      0.568   -36110.34  21214.5268  -21622.841  8278.83973  -15108.808
       0.57    -37603.6  15941.5569  -24255.008  6221.09539  -17279.069
      0.572   -38996.14  10647.0603  -26683.718  4154.95034  -19270.549
      0.574   -40251.02  5352.96798  -28888.771  2088.96311  -21085.708
      0.576   -41332.63    81.20907  -30851.581    31.69135  -22728.013
      0.578   -42207.06   -5146.411   -32555.34  -2008.3557  -24201.886
       0.58    -42842.4  -10308.333   -33985.15   -4022.764  -25512.647
      0.582   -43211.37  -15382.617   -35128.46   -6002.972  -26665.058
      0.584   -43293.92  -20346.323   -35975.44   -7940.029  -27661.872
      0.586   -43075.07  -25176.383   -36518.79    -9824.93  -28505.195
      0.588   -42542.75  -29850.468   -36753.53  -11648.963  -29197.859
       0.59   -41687.88   -34347.12   -36677.04  -13403.753  -29743.392
      0.592   -40504.51   -38645.85   -36289.09  -15081.306  -30145.988
      0.594    -38989.8   -42727.28   -35591.86   -16674.06  -30410.476
      0.596   -37144.13   -46573.24    -34589.9  -18174.922  -30542.288
      0.598   -34971.01   -50166.85   -33290.13  -19577.308  -30547.421
        0.6   -32477.11   -53492.65   -31701.78  -20875.181  -30432.406
      0.602  -29671.603   -56536.83   -29836.25  -22063.154   -30204.62
      0.604  -26565.461   -59287.53  -27706.943  -23136.598  -29872.593
      0.606  -23171.962    -61734.7  -25329.264   -24091.59  -29445.619
      0.608  -19507.132   -63869.96  -22720.554  -24924.863  -28933.353
       0.61  -15589.594   -65686.68  -19899.963  -25633.825  -28345.769
      0.612  -11440.386   -67179.98  -16888.308  -26216.576  -27693.105
      0.614   -7082.761   -68346.78  -13707.907  -26671.913  -26985.823
      0.616  -2541.9638   -69185.81  -10382.415  -26999.342  -26234.556
      0.618  2155.01266   -69697.63   -6936.637  -27199.075  -25450.066
       0.62   6979.6844   -69884.59   -3396.335  -27272.037  -24643.192
      0.622  11893.0419    -69747.9   210.85311  -27218.691  -23819.225
      0.624   16836.613   -69284.58  3854.52414  -27037.885  -22972.314
      0.626  21742.3252   -68490.53  7502.88797   -26728.01  -22091.144
      0.628  26542.4574   -67363.45  11124.1657  -26288.175  -21164.646
       0.63  31170.2809   -65902.91  14686.8721   -25718.21   -20182.13
      0.632    35560.69   -64110.33  18160.0957  -25018.664  -19133.408
      0.634   39650.817   -61988.95   21513.772  -24190.808  -18008.908
      0.636    43380.63   -59543.85  24718.9505  -23236.623  -16799.795
      0.638   46693.497    -56781.9  27748.0494   -22158.79  -15498.071
       0.64   49536.723   -53711.74  30575.0991  -20960.678  -14096.679
      0.642   51859.377   -50342.84    33175.65  -19645.986  -12587.981
      0.644   53610.094   -46684.64   35526.666  -18218.397  -10962.248
      0.646   54740.242   -42747.33   37607.057  -16681.884    -9209.37
      0.648   55207.049   -38542.63   39398.187  -15041.026   -7320.563
       0.65   54974.011   -34083.76   40884.042   -13300.98   -5288.465
      0.652   54011.234  -29385.344   42051.381  -11467.452  -3107.2092
      0.654   52295.722  -24463.334    42889.85   -9546.667  -772.48952
      0.656   49811.587  -19334.923   43392.075   -7545.336  1718.39431
      0.658   46550.203  -14018.447   43553.735   -5470.613  4366.50602
       0.66    42510.29   -8533.286   43373.589   -3330.063  7171.25868
      0.662   37698.696  -2900.0049   42853.588  -1131.7092  10129.9527
      0.664   32131.109  2859.51898    41998.94  1115.90985  13237.3338
      0.666   25831.135  8722.45875   40817.973  3403.88634  16486.1047
      0.668  18829.3019  14665.4145   39321.953   5723.0886  19867.4555
       0.67  11162.7703  20664.5426   37524.987  8064.21176  23371.1458
      0.672  2874.98408  26695.6878   35443.879  10417.8294  26985.6006
      0.674    -5984.74   32734.517    33097.98  12774.4457  30698.0204
      0.676   -15361.68   38756.656   30509.004  15124.5486   34494.505
      0.678  -25196.218   44737.821  27700.8251  17458.6618   38360.185
       0.68   -35424.41   50653.957  24699.2566  19767.3978    42279.37
      0.682   -45977.12   56480.898  21531.9875  22041.3262   46234.814
      0.684   -56779.18   62194.034  18228.5018  24270.8426   50207.001
      0.686   -67751.59   67768.914  14819.6257  26446.4053   54175.216
      0.688   -78813.74   73181.853  11337.0629   28558.772   58118.627
       0.69   -89884.16   78410.067  7813.09781  30599.0506   62016.485
      0.692  -100881.29   83431.794  4280.29449   32558.749   65848.324
      0.694  -111724.23   88226.419   771.19378   34429.822   69594.158
      0.696  -122333.57   92774.584  -2681.9891   36204.716   73234.679
      0.698  -130000.14     97058.3   -6049.319    37876.41   76752.824
        0.7  -130000.15  101061.044   -9309.669   39438.456   80139.157
      0.702  -130000.16  104766.461  -12453.089   40884.473   83391.602
      0.704  -130000.17  108157.063  -15473.648   42207.634   86507.261
      0.706  -130000.18  111215.718  -18365.147   43401.256   89480.999
      0.708  -130000.19  113927.136  -21121.663    44459.37   92308.078
       0.71   -130000.2   116277.95  -23737.566   45376.761   94984.165
      0.712  -130000.21  118256.795  -26207.529   46148.993   97505.341
      0.714  -130000.21   119854.37  -28526.551   46772.437   99868.105
      0.716  -130000.22  121063.485  -30689.963   47244.287  102069.384
      0.718  -130000.23  121879.108   -32693.45   47562.579  104106.537
       0.72  -130000.23  122298.386   -34533.06   47726.199  105977.355
      0.722  -130000.24  122316.933    -36203.8   47733.437  107673.044
      0.724  -130000.24  121925.116   -37698.25   47580.533  109171.228
      0.726  -130000.24  121111.847   -39007.95    47263.16  110443.064
      0.728  -130000.25  119868.372   -40124.79   46777.901  111460.385
       0.73  -130000.25  118188.326   -41040.99   46122.273  112195.809
      0.732  -130000.25  116067.763   -41749.08   45294.737   112622.86
      0.734  -130000.25  113505.181    -42241.9   44294.705  112716.069
      0.736  -130000.25  110501.529   -42512.55   43122.548  112451.081
      0.738  -129209.59  107060.203   -42554.88   41779.592  111805.166
       0.74  -127496.48  103187.026   -42364.58   40268.108   110758.21
      0.742  -124856.19   98896.845    -41942.3   38593.891  109305.846
      0.744  -121334.24   94220.086   -41296.21   36768.814  107471.995
      0.746  -117005.19   89195.947   -40439.41   34808.175  105296.205
      0.748  -111951.18   83865.555   -39387.27   32728.022  102820.871
       0.75  -106261.15   78271.734   -38157.23   30545.067  100090.899
      0.752  -100030.04   72458.769   -36768.61  28276.5929   97153.348
      0.754   -93357.86   66472.161   -35242.34  25940.3556   94057.051
      0.756   -86348.78   60358.373   -33600.75  23554.4871    90852.22
      0.758   -79110.15   54164.575   -31867.32  21137.3949    87590.04
       0.76   -71751.47   47938.378  -30066.342  18707.6597   84322.251
      0.762    -64371.7   41723.842  -28221.313   16282.475   81093.713
      0.764   -57046.63   35557.494  -26353.226  13876.0952   77935.019
      0.766   -49839.85  29471.8593  -24481.767  11501.2134   74869.253
      0.768   -42813.83  23499.0168  -22626.514  9170.34801   71918.809
       0.77   -36029.38  17670.4191  -20806.736  6895.77331   69105.196
      0.772   -29545.04  12016.7191  -19041.206  4689.45134   66448.851
      0.774   -23416.52  6567.59946  -17348.008  2562.96564   63968.957
      0.776  -17696.207  1351.60865  -15744.362   527.45703    61683.28
      0.778  -12432.654   -3603.998   -14246.45  -1406.4382   59608.005
       0.78   -7670.124   -8273.409  -12869.256   -3228.647     57757.6
      0.782   -3443.821  -12633.791  -11625.902    -4930.26   56142.065
      0.784   224.79717  -16666.805  -10526.997   -6504.119   54764.233
      0.786  3323.86599  -20357.318   -9581.067   -7944.319   53622.344
      0.788    5846.876  -23692.098    -8795.01   -9245.697   52712.658
       0.79  7792.73346  -26659.883   -8174.039  -10403.857   52029.479
      0.792  9165.77214  -29251.449   -7721.652    -11415.2   51565.184
      0.794  9975.71427  -31459.657    -7439.61   -12276.94   51310.279
      0.796  10237.5804    -33279.5   -7327.939   -12987.12   51253.468
      0.798  9971.54957    -34708.1   -7384.945  -13544.626   51381.734
        0.8   9202.7707   -35744.79   -7607.247  -13949.188   51680.441
      0.802  7962.59919   -36391.52   -7989.651  -14201.569   52132.565
      0.804   6289.7766   -36653.34   -8525.042  -14303.744   52717.943
      0.806   4228.5948   -36537.92   -9204.651  -14258.702   53414.317
      0.808  1827.00779   -36055.02  -10018.337  -14070.251     54198.4
       0.81  -863.81823   -35216.42  -10954.705  -13742.993    55046.06
      0.812   -3789.986   -34035.89  -12001.239    -13282.3   55932.518
      0.814   -6895.373    -32529.1  -13144.442  -12694.285   56832.555
      0.816  -10122.159  -30713.523  -14369.988  -11985.765   57720.712
      0.818  -13411.368  -28608.333  -15662.879  -11164.227   58571.505
       0.82  -16703.421  -26234.325  -17007.605  -10237.785   59359.637
      0.822  -19937.926  -23614.028  -18388.224    -9215.23   60059.742
      0.824  -23053.468   -20771.83  -19788.437    -8106.08   60646.131
      0.826  -25988.959    -17733.6  -21191.856   -6920.429   61093.476
      0.828  -28684.991   -14526.29  -22582.271   -5668.796   61377.482
       0.83  -31084.392  -11177.793  -23943.821   -4362.065   61475.095
      0.832   -33132.76   -7716.782  -25261.163  -3011.4273   61364.695
      0.834   -34778.99   -4172.558  -26519.632  -1628.3154    61026.28
      0.836   -35975.73  -574.88058  -27705.391  -224.34364   60441.634
      0.838   -36679.83  3046.19417  -28805.575   1188.7587   59594.484
       0.84   -36852.79  6660.47947  -29808.427   2599.2115    58470.64
      0.842   -36461.07  10237.8265   -30703.41  3995.24937   57058.117
      0.844   -35476.41  13748.2913  -31481.317  5365.18685   55347.239
      0.846   -33876.14  17162.3009   -32134.37  6697.48327   53330.726
      0.848   -31643.35  20450.8171   -32656.27  7980.80668   51003.754
       0.85  -28767.057  23585.4979   -33042.29  9204.09673   48364.008
      0.852  -25242.334  26538.8542    -33289.3   10356.626   45411.699
      0.854  -21070.329  29284.4027    -33395.8  11428.0596    42149.57
      0.856  -16258.264   31796.812   -33361.92  12408.5122   38582.877
      0.858  -10819.371   34052.046   -33189.41  13288.6032   34719.348
       0.86   -4772.763    36027.49   -32881.62  14059.5085  30569.1271
      0.862    1855.965   37702.334   -32443.56  14713.1061  26145.1534
      0.864  9034.20883   39057.926   -31881.92  15242.1175  21463.5253
      0.866  16723.4296   40077.633   -31204.88  15640.0518   16542.905
      0.868  24880.2923   40746.683  -30421.964  15901.1447  11403.9029
       0.87   33457.072   41052.252  -29543.891  16020.3912  6068.91042
      0.872   42402.101    40983.53  -28582.468  15993.5727   561.91702
      0.874   51660.255   40531.782  -27550.457  15817.2807   -5091.685
      0.876   61173.472   39690.398  -26461.426  15488.9358  -10865.309
      0.878   70881.294    38454.93  -25329.598  15006.8018   -16731.39
       0.88   80721.436   36823.113  -24169.692  14369.9952  -22661.614
      0.882     90628.9   34795.353  -22996.932  13578.6742  -28626.263
      0.884  100535.111    32375.19  -21827.054  12634.2207   -34593.57
      0.886  110370.033  29568.8145  -20675.951  11539.0496   -40530.89
      0.888    120064.3  26384.5545  -19559.314  10296.4115   -46405.79
       0.89  129549.868   22832.836  -18492.451  8910.37504   -52186.39
      0.892  130000.261  18926.1227  -17484.604  7385.80396   -57846.15
      0.894   130000.27  14678.8466  -16533.202  5728.33039   -63368.83
      0.896  130000.279  10107.3289  -15629.446  3944.32346   -68743.89
      0.898  130000.287  5229.68858  -14764.326  2040.85408   -73961.64
        0.9  130000.295    65.74265  -13928.969    25.65567   -79013.04
      0.902  130000.303   -5362.457  -13114.927  -2092.6661   -83888.55
      0.904  130000.311  -11030.098  -12314.483   -4304.428   -88576.99
      0.906  130000.318  -16910.392  -11520.456   -6599.177   -93066.78
      0.908  130000.325  -22975.373  -10726.013   -8965.999   -97347.28
       0.91  130000.332  -29196.049   -9924.715   -11393.58  -101408.83
      0.912  130000.338   -35542.57   -9110.562   -13870.27   -105242.8
      0.914  130000.345   -41984.37   -8278.032  -16384.145  -108841.67
      0.916  130000.351   -48490.38   -7422.125  -18923.077  -112199.04
      0.918  130000.356   -55029.17   -6538.386  -21474.797   -115309.7
       0.92  130000.361    -61569.1   -5622.944  -24026.966  -118169.66
      0.922  130000.367    -68077.8   -4672.813  -26566.945  -120774.75
      0.924  130000.371   -74521.53   -3686.203  -29081.571  -123119.17
      0.926  130000.376   -80866.15  -2662.2548  -31557.521  -125197.03
      0.928   130000.38   -87078.08  -1600.7655   -33981.69  -127003.72
       0.93  130000.384   -93124.46  -502.19826   -36341.25  -128536.03
      0.932  130000.387   -98973.38   632.31416   -38623.76  -129792.08
      0.934  130000.391  -104593.98  1800.60933   -40817.16  -130000.04
      0.936  130000.394  -109956.69  2999.17338   -42909.93  -130000.04
      0.938  130000.396  -115033.39  4223.67913   -44891.08  -130000.04
       0.94  130000.399  -119797.51  5469.59303   -46750.25  -130000.04
      0.942  130000.401  -124223.42  6731.95495   -48477.43    -129922.
      0.944  130000.402   -128285.8  8004.94131   -50062.75   -129588.4
      0.946  130000.404    -130000.  9281.98624   -51497.63  -129000.45
      0.948  130000.405  -130000.01  10556.0293   -52776.64  -128160.58
       0.95  130000.405  -130000.01  11819.5506     -53897.  -127072.39
      0.952  130000.406  -130000.01  13064.6093   -54856.87  -125740.61
      0.954  129938.259  -130000.01  14282.9236   -55654.59   -124171.1
      0.956  129510.316  -130000.01  15466.1866   -56288.65  -122371.07
      0.958  128715.216  -130000.02  16606.5378   -56757.75   -120349.3
       0.96  127555.033  -130000.02  17696.8046   -57060.74  -118116.33
      0.962  126032.878  -130000.02  18730.2601   -57196.37   -115682.9
      0.964  124150.486  -129914.56  19700.3781   -57163.02  -113058.45
      0.966  121910.585   -129392.3  20601.1595   -56959.22  -110252.55
      0.968  119319.256  -128431.49  21427.4538   -56584.26  -107276.19
       0.97  116385.879  -127032.81  22174.9861   -56038.44  -104141.74
      0.972  113123.043  -125199.37  22840.3749   -55322.95  -100862.88
      0.974  109546.433  -122936.69  23421.1396   -54439.95   -97454.46
      0.976  105674.685  -120252.68  23915.7002   -53392.53   -93932.45
      0.978  101529.209  -117157.59  24323.3664   -52184.69   -90313.76
       0.98   97133.992  -113663.92  24644.3187   -50821.31   -86616.16
      0.982   92513.348  -109785.78  24879.3377   -49307.89    -82856.9
      0.984   87689.661  -105538.06  25029.5294   -47650.24    -79051.4
      0.986   82685.207  -100937.11  25096.5356   -45854.75    -75214.3
      0.988   77523.971    -96001.2   25082.742   -43928.54   -71360.61
       0.99   72231.421   -90750.47  24991.2358   -41879.47   -67505.58
      0.992   66834.272    -85206.8  24825.7572   -39716.09   -63664.57
      0.994   61360.237   -79393.72  24590.6456   -37447.57   -59852.93
      0.996   55837.764   -73336.22  24290.7805   -35083.67   -56085.91
      0.998    50295.77   -67060.66  23931.5182   -32634.67   -52378.49
         1.   44763.374   -60594.62  23518.6248  -30111.337   -48745.31
