 
 SAP2000 v24.1.0 File: 3D-2SIDE-DYNAMIC-INELASTIC  N, m, C Units  PAGE 1
 m/d/yy h:mm:ss
 
 T I M E   H I S T O R Y   D A T A 
 
 CASE  dynamic-inelastic-0.002
 FUNCTION  disp-1-x:  Joint 1  Displacement  UX    
 FUNCTION  disp-3-x:  Joint 3  Displacement  UX    
 FUNCTION  disp-3-y:  Joint 3  Displacement  UY    
 FUNCTION  shear22-3-0:  Frame 3  Station 1  Shear 2-2    
 FUNCTION  shear33-3-0:  Frame 3  Station 1  Shear 3-3    
 FUNCTION  moment22-3-0:  Frame 3  Station 1  Moment 2-2    
 FUNCTION  moment33-3-0:  Frame 3  Station 1  Moment 3-3    
 FUNCTION  moment22-3-1:  Frame 3  Station 3  Moment 2-2    
 FUNCTION  moment33-3-1:  Frame 3  Station 3  Moment 3-3    
 FUNCTION  shear22-3-1:  Frame 3  Station 3  Shear 2-2    
 FUNCTION  shear33-3-1:  Frame 3  Station 3  Shear 3-3    
 
       TIME    FUNCTION    FUNCTION    FUNCTION    FUNCTION    FUNCTION    FUNCTION    FUNCTION    FUNCTION    FUNCTION    FUNCTION    FUNCTION
               disp-1-x    disp-3-x    disp-3-y shear22-3-0 shear33-3-0 moment22-3-0 moment33-3-0 moment22-3-1 moment33-3-1 shear22-3-1 shear33-3-1
         0.          0.          0.          0.          0.          0.          0.          0.          0.          0.          0.          0.
      0.002          0.          0.          0.     0.43573     0.00436     0.00661     0.44653    -0.00648    -0.86065     0.43573     0.00436
      0.004   2.253E-06          0.          0.     2.71291     0.02509     0.03797     2.83782     -0.0373    -5.30089     2.71291     0.02509
      0.006   6.100E-06          0.          0.     9.07136     0.07469     0.11287     9.76949    -0.11119   -17.44459     9.07136     0.07469
      0.008   1.168E-05   2.136E-06   1.712E-06    22.41214     0.15978     0.24093     24.9439    -0.23839   -42.29253    22.41214     0.15978
       0.01   1.848E-05   5.707E-06   2.993E-06    46.04831     0.28177     0.42364    52.81224    -0.42166    -85.3327    46.04831     0.28177
      0.012   2.649E-05   1.213E-05   4.618E-06    82.85619     0.43975     0.65868    97.23229    -0.66056  -151.33629    82.85619     0.43975
      0.014   3.645E-05   2.171E-05   6.571E-06    134.5231     0.63414     0.94566   160.25781    -0.95676  -243.31149    134.5231     0.63414
      0.016   4.964E-05   3.434E-05   8.883E-06   201.73434     0.86965     1.29076   242.43618    -1.31818  -362.76683   201.73434     0.86965
      0.018   6.728E-05   4.999E-05   1.165E-05   285.17576     1.15633     1.70855   344.42505    -1.76043  -511.10222   285.17576     1.15633
       0.02   8.999E-05   6.913E-05   1.502E-05   386.30296     1.50855      2.2206    468.2299    -2.30503  -690.67897   386.30296     1.50855
      0.022   1.175E-04   9.260E-05   1.917E-05   507.11178     1.94173     2.85054   616.85634    -2.97467  -904.47899   507.11178     1.94173
      0.024   1.492E-04   1.212E-04   2.425E-05    649.3017     2.46851     3.61803   793.00149     -3.7875  -1154.9036    649.3017     2.46851
      0.026   1.847E-04   1.556E-04   3.035E-05   813.69327     3.09635     4.53509   998.12567    -4.75395  -1442.9541   813.69327     3.09635
      0.028   2.250E-04   1.959E-04   3.750E-05  1000.12452      3.8271      5.6051    1232.287    -5.87621  -1768.0866  1000.12452      3.8271
       0.03   2.716E-04   2.420E-04   4.570E-05  1207.67173     4.65844      6.8249  1494.48705    -7.15042  -2128.5281  1207.67173     4.65844
      0.032   3.256E-04   2.939E-04   5.490E-05  1435.17431     5.58715     8.18978  1783.48253    -8.57168  -2522.0404  1435.17431     5.58715
      0.034   3.872E-04   3.518E-04   6.510E-05  1681.92832     6.61299     9.69933  2098.87869   -10.13963  -2946.9063  1681.92832     6.61299
      0.036   4.560E-04   4.165E-04   7.636E-05  1948.00255     7.74117    11.36143  2441.63349   -11.86209   -3402.374  1948.00255     7.74117
      0.038   5.313E-04   4.889E-04   8.880E-05  2233.68039     8.98254    13.19249  2813.15132   -13.75514    -3887.89  2233.68039     8.98254
       0.04   6.131E-04   5.697E-04   1.026E-04  2538.41927    10.35118    15.21402  3213.58429   -15.83953   -4401.674  2538.41927    10.35118
      0.042   7.023E-04   6.587E-04   1.179E-04  2860.60744    11.86267    17.45001  3641.29977     -18.138   -4940.523  2860.60744    11.86267
      0.044   8.008E-04   7.558E-04   1.348E-04  3198.48263    13.53209      19.924  4094.22575   -20.67227   -5501.222  3198.48263    13.53209
      0.046   9.098E-04   8.610E-04   1.536E-04  3551.16538    15.36899    22.65137  4571.61006   -23.45561   -6081.886  3551.16538    15.36899
      0.048     0.00103   9.751E-04   1.742E-04  3919.04948    17.37487    25.63536  5074.74682   -26.48926   -6682.402  3919.04948    17.37487
       0.05     0.00116      0.0011   1.967E-04  4303.32103    19.54592    28.87105  5606.20077   -29.76671   -7303.762  4303.32103    19.54592
      0.052      0.0013     0.00123   2.209E-04  4704.93303    21.87798    32.35264  6168.17393   -33.28129   -7946.625  4704.93303    21.87798
      0.054     0.00145     0.00138   2.470E-04  5123.81516     24.3718    36.08134  6761.24984   -37.03405   -8610.196  5123.81516     24.3718
      0.056      0.0016     0.00154   2.749E-04  5558.79294    27.03638    40.07047  7384.25116   -41.03866   -9292.128  5558.79294    27.03638
      0.058     0.00178     0.00171   3.049E-04  6008.27044    29.88893    44.34565  8035.29491   -45.32113   -9989.516  6008.27044    29.88893
       0.06     0.00196     0.00189   3.373E-04  6471.31128    32.95137    48.93978  8713.48473   -49.91434  -10700.449  6471.31128    32.95137
      0.062     0.00216     0.00209   3.720E-04  6947.71166    36.23815     53.8747  9419.39076   -54.83974  -11423.744  6947.71166    36.23815
      0.064     0.00237     0.00229   4.092E-04  7436.90851      39.746    59.14592  10153.6789   -60.09208  -12157.047  7436.90851      39.746
      0.066     0.00259     0.00251   4.487E-04  7937.01121    43.46223    64.73509  10915.1604   -65.65158  -12895.873  7937.01121    43.46223
      0.068     0.00282     0.00275   4.904E-04  8443.99469    47.37543    70.62629  11699.0674   -71.49999  -13632.917  8443.99469    47.37543
       0.07     0.00306     0.00299   5.343E-04  8952.08146    51.47867    76.81068  12497.6133   -77.62534  -14358.631  8952.08146    51.47867
      0.072     0.00331     0.00325   5.804E-04  9456.06403     55.7706    83.28801  13303.6961   -84.02378  -15064.496  9456.06403     55.7706
      0.074     0.00358     0.00351   6.288E-04  9953.55148    60.25439    90.06479   14114.503   -90.69837  -15746.152  9953.55148    60.25439
      0.076     0.00386     0.00379   6.795E-04  10444.9861    64.93531    97.15025   14931.529   -97.65568  -16403.429  10444.9861    64.93531
      0.078     0.00415     0.00407   7.327E-04   10931.528    69.81773   104.55149  15757.1729  -104.90169  -17037.411   10931.528    69.81773
       0.08     0.00444     0.00437   7.882E-04  11412.9197    74.90259   112.26953  16591.3215  -112.43823  -17647.438  11412.9197    74.90259
      0.082     0.00474     0.00468   8.461E-04  11887.4536    80.19031   120.30385  17431.0818  -120.26707  -18231.279  11887.4536    80.19031
      0.084     0.00506     0.00499   9.065E-04  12353.6453    85.68465    128.6586  18273.2082  -128.39534  -18787.728  12353.6453    85.68465
      0.086     0.00538     0.00532   9.692E-04  12811.8124    91.38878   137.33707  19116.8117  -136.82927  -19318.625  12811.8124    91.38878
      0.088     0.00572     0.00565     0.00103  13265.2144    97.30281   146.33824  19965.4051   -145.5702  -19830.238  13265.2144    97.30281
       0.09     0.00608       0.006      0.0011  13720.0292   103.42681   155.66148  20826.9318  -154.61897  -20333.156  13720.0292   103.42681
      0.092     0.00643     0.00635     0.00117  14183.2367   109.76383    165.3109  21710.4609  -163.98058  -20839.249  14183.2367   109.76383
      0.094      0.0068     0.00672     0.00124  14659.6482   116.32125   175.29722  22621.4774  -173.66652  -21357.467  14659.6482   116.32125
      0.096     0.00717      0.0071     0.00132  15150.7214    123.1102   185.63656  23560.0128  -183.69404  -21892.151  15150.7214    123.1102
      0.098     0.00755     0.00748      0.0014  15656.5038   130.14351   196.34733  24523.8057  -194.08321  -22445.706  15656.5038   130.14351
        0.1     0.00795     0.00788     0.00148  16178.8952   137.43323   207.44653  25513.5855  -204.85314    -23023.1  16178.8952   137.43323
      0.102     0.00836     0.00828     0.00156  16722.7224   144.98513    218.9416  26535.0271  -216.01379   -23633.14  16722.7224   144.98513
      0.104     0.00878     0.00869     0.00165  17293.7867   152.79519   230.82498  27595.8448   -227.5606  -24285.515  17293.7867   152.79519
      0.106      0.0092     0.00912     0.00173  17896.2129   160.85583   243.08377  28701.3853  -239.48374  -24987.253  17896.2129   160.85583
      0.108     0.00963     0.00955     0.00183  18530.8121   169.16278   255.71018  29851.8558  -251.77815   -25740.58  18530.8121   169.16278
       0.11     0.01006        0.01     0.00192  19195.2945   177.71689   268.70464   31042.675  -264.44604  -26543.209  19195.2945   177.71689
      0.112     0.01051     0.01045     0.00202   19886.408   186.52385   282.07541   32267.859  -277.49613  -27391.365   19886.408   186.52385
      0.114     0.01097      0.0109     0.00211  20602.7146   195.59165   295.83508   33524.442  -290.93988  -28283.702  20602.7146   195.59165
      0.116     0.01144     0.01136     0.00222  21346.0573   204.92695   309.99469   34814.856  -304.78616  -29223.316  21346.0573   204.92695
      0.118     0.01191     0.01183     0.00232  22120.2425   214.53161   324.55824   36144.886  -319.03661  -30215.841  22120.2425   214.53161
       0.12     0.01239     0.01231     0.00243  22927.6076   224.40126   339.51984   37518.217  -333.68393  -31264.606  22927.6076   224.40126
      0.122     0.01287      0.0128     0.00254   23766.134   234.52466    354.8626   38931.926  -348.71137   -32366.48   23766.134   234.52466
      0.124     0.01335     0.01329     0.00265  24629.7332    244.8858   370.56172   40377.049  -364.09569   -33512.15  24629.7332    244.8858
      0.126     0.01384     0.01378     0.00277  25511.5682   255.47104   386.59574   41843.755  -379.81737   -34690.95  25511.5682   255.47104
      0.128     0.01434     0.01428     0.00288  26407.2061   266.27451   402.95533   43326.219   -395.8682    -35895.4  26407.2061   266.27451
       0.13     0.01484     0.01477       0.003  27315.2066    277.2982   419.64369   44823.467   -412.2509   -37122.15  27315.2066    277.2982
      0.132     0.01534     0.01527     0.00312  28235.4382   288.54865   436.67172   46336.651  -428.97424   -38369.66  28235.4382   288.54865
      0.134     0.01584     0.01578     0.00325  29166.6396   300.03212   454.05041   47865.171  -446.04596   -39634.75  29166.6396   300.03212
      0.136     0.01634     0.01628     0.00338  30104.6971   311.74986   471.78349   49403.938   -463.4661   -40910.15  30104.6971   311.74986
      0.138     0.01684     0.01679     0.00351  31042.6922   323.69522   489.86271   50943.411  -481.22294   -42184.67  31042.6922   323.69522
       0.14     0.01734      0.0173     0.00364   31973.062   335.85343   508.26735   52472.996  -499.29295   -43446.19   31973.062   335.85343
      0.142     0.01785      0.0178     0.00377   32890.996   348.20799   526.97372   53986.256  -517.65027   -44686.73   32890.996   348.20799
      0.144     0.01836      0.0183     0.00391   33796.254   360.74856   545.96698    55483.62  -536.27871   -45905.14   33796.254   360.74856
      0.146     0.01886      0.0188     0.00405   34691.237   373.47139   565.24167   56969.492  -555.17249   -47104.22   34691.237   373.47139
      0.148     0.01936      0.0193     0.00419   35577.334   386.37822   584.79992   58446.575  -574.33475   -48285.43   35577.334   386.37822
       0.15     0.01985     0.01979     0.00433    36452.78   399.47652   604.65192   59912.453  -593.77764   -49445.89    36452.78   399.47652
      0.152     0.02034     0.02029     0.00447   37313.308   412.77679    624.8123   61360.621  -613.51806    -50579.3   37313.308   412.77679
      0.154     0.02083     0.02078     0.00462   38154.669   426.28818   645.29401   62784.471  -633.57053   -51679.54   38154.669   426.28818
      0.156     0.02132     0.02127     0.00477   38975.039   440.01467    666.1029    64181.08  -653.94112   -52744.04   38975.039   440.01467
      0.158     0.02181     0.02175     0.00492   39775.883   453.95375   687.23583   65552.564  -674.62542   -53775.08   39775.883   453.95375
       0.16     0.02229     0.02223     0.00507   40560.794   468.09825   708.68321    66904.27  -695.61154   -54778.11   40560.794   468.09825
      0.162     0.02277      0.0227     0.00523   41332.471   482.43623   730.42826   68240.228  -716.88043   -55757.18   41332.471   482.43623
      0.164     0.02323     0.02318     0.00539   42089.849   496.95176   752.44767    69558.81  -738.40761   -56710.74   42089.849   496.95176
      0.166     0.02369     0.02365     0.00555   42828.138   511.63319   774.72394   70852.562  -760.17564   -57631.85   42828.138   511.63319
      0.168     0.02415     0.02411     0.00571   43541.639   526.47903   797.25432   72112.479  -782.18277   -58512.44   43541.639   526.47903
       0.17      0.0246     0.02456     0.00588   44227.167   541.49622   820.04856   73333.452  -804.44009   -59348.05   44227.167   541.49622
      0.172     0.02505       0.025     0.00604   44885.601   556.69543   843.12205   74516.726  -826.96423   -60140.08   44885.601   556.69543
      0.174     0.02549     0.02544     0.00621   45520.295   572.08502   866.48685    75667.35  -849.76822   -60893.54   45520.295   572.08502
      0.176     0.02592     0.02587     0.00638   46133.799   587.66579   890.14369   76788.934  -872.85367   -61612.46   46133.799   587.66579
      0.178     0.02633     0.02629     0.00655   46725.551   603.42846   914.07825   77879.993  -896.20712   -62296.66   46725.551   603.42846
       0.18     0.02673      0.0267     0.00673    47292.19   619.35535   938.26361   78934.458  -919.80245   -62942.11    47292.19   619.35535
      0.182     0.02713      0.0271      0.0069   47830.238   635.42743   962.67097   79945.856  -943.61131   -63544.86   47830.238   635.42743
      0.184     0.02752     0.02748     0.00708   48339.148   651.63236   987.28195   80912.065  -967.61512   -64105.38   48339.148   651.63236
      0.186      0.0279     0.02786     0.00726   48822.386   667.96686  1012.09181   81837.178  -991.80875   -64629.98   48822.386   667.96686
      0.188     0.02826     0.02822     0.00744   49285.864   684.43545  1037.10731   82729.184   -1016.199   -65128.41   49285.864   684.43545
       0.19     0.02861     0.02857     0.00762   49734.642   701.04796  1062.34254   83594.749  -1040.8013   -65609.18   49734.642   701.04796
      0.192     0.02895     0.02891      0.0078   50170.064   717.81506  1087.81209   84434.669  -1065.6331   -66075.52   50170.064   717.81506
      0.194     0.02927     0.02924     0.00799   50589.756   734.74357  1113.52425   85243.869  -1090.7065    -66525.4   50589.756   734.74357
      0.196     0.02958     0.02955     0.00818   50990.691   751.83345  1139.47691   86016.276  -1116.0234    -66955.8   50990.691   751.83345
      0.198     0.02988     0.02985     0.00837   51372.769   769.07732  1165.65746   86750.557  -1141.5745   -67367.75   51372.769   769.07732
        0.2     0.03017     0.03013     0.00856    51739.87   786.46278  1192.04657   87451.779  -1167.3418   -67767.83    51739.87   786.46278
      0.202     0.03044      0.0304     0.00875   52097.622   803.97723  1218.62537   88127.854  -1193.3063   -68165.01   52097.622   803.97723
      0.204     0.03069     0.03066     0.00894   52408.905   812.33446  1226.63068   88695.335  -1210.3727   -68531.38   52408.905   812.33446
      0.206     0.03093      0.0309     0.00913   52583.218     790.743   1174.0041   88955.987  -1198.2249   -68793.67   52583.218     790.743
      0.208     0.03115     0.03113     0.00933    52755.43   770.52705  1124.09604   89203.263  -1187.4851   -69063.03    52755.43   770.52705
       0.21     0.03136     0.03134     0.00952   52923.869   751.99861  1077.53671   89434.574  -1178.4591   -69337.03   52923.869   751.99861
      0.212     0.03156     0.03153     0.00972   53088.215   735.21253  1034.42433   89648.915  -1171.2133   -69615.73   53088.215   735.21253
      0.214     0.03174     0.03171     0.00992   53249.955   719.97471   994.36387   89848.084  -1165.5603   -69901.78   53249.955   719.97471
      0.216     0.03191     0.03187     0.01012   53411.131   705.88789    956.5495   90034.535  -1161.1142   -70198.86   53411.131   705.88789
      0.218     0.03206     0.03202     0.01032   53572.418    692.6851   920.43944   90209.096  -1157.6159   -70508.16   53572.418    692.6851
       0.22     0.03218     0.03216     0.01053   53731.938   680.48443    886.2732   90369.693  -1155.1801   -70826.12   53731.938   680.48443
      0.222     0.03229     0.03228     0.01073   53885.569   669.70097   854.89319   90511.726  -1154.2097   -71144.98   53885.569   669.70097
      0.224     0.03239     0.03238     0.01094   54028.964   660.81211   827.27183   90630.879  -1155.1645   -71456.01   54028.964   660.81211
      0.226     0.03248     0.03246     0.01114   54159.596    654.1148   804.01783   90725.558  -1158.3266   -71753.23   54159.596    654.1148
      0.228     0.03254     0.03252     0.01135   54276.919   649.70022   785.32241   90796.845  -1163.7782   -72033.91   54276.919   649.70022
       0.23     0.03259     0.03257     0.01156   54380.674   647.62407   771.30389   90846.263  -1171.5683   -72295.76   54380.674   647.62407
      0.232     0.03262      0.0326     0.01177   54469.203    648.0781   762.35283   90873.515  -1181.8815   -72534.09   54469.203    648.0781
      0.234     0.03262     0.03261     0.01198   54538.651   651.44519   759.24897   90875.517  -1195.0866   -72740.44   54538.651   651.44519
      0.236     0.03261      0.0326     0.01219   54583.703   658.21166   762.98022   90847.211  -1211.6548    -72903.9   54583.703   658.21166
      0.238     0.03258     0.03258      0.0124   54599.029   668.80434   774.41545   90783.419  -1231.9976   -73013.67   54599.029   668.80434
       0.24     0.03253     0.03253     0.01261   54580.873   683.43168   793.98298   90680.863  -1256.3121   -73061.76   54580.873   683.43168
      0.242     0.03247     0.03246     0.01282   54527.629   702.05549   821.61111   90538.949  -1284.5554   -73043.94   54527.629   702.05549
      0.244     0.03238     0.03237     0.01303   54427.241   721.94151   851.77401   90333.437  -1314.0505   -72948.29   54427.241   721.94151
      0.246     0.03227     0.03226     0.01325    54271.26   741.60943   881.49089   90048.929  -1343.3374   -72764.85    54271.26   741.60943
      0.248     0.03213     0.03213     0.01346   54056.179    761.2889   911.22167   89681.445   -1372.645   -72487.09   54056.179    761.2889
       0.25     0.03197     0.03198     0.01367   53775.756   780.97635   940.96655   89221.894  -1401.9625   -72105.37   53775.756   780.97635
      0.252     0.03179      0.0318     0.01388   53425.731   800.66577   970.72096   88663.984  -1431.2764   -71613.21   53425.731   800.66577
      0.254      0.0316      0.0316     0.01409   53005.714   820.34345  1000.46776   88007.326  -1460.5626   -71009.82   53005.714   820.34345
      0.256     0.03138     0.03138     0.01431   52518.323   839.98887  1030.17758    87256.09   -1489.789   -70298.88   52518.323   839.98887
      0.258     0.03113     0.03114     0.01452   51966.586     859.579   1059.8148   86414.888  -1518.9222   -69484.87   51966.586     859.579
       0.26     0.03086     0.03087     0.01473   51351.693   879.09433  1089.34672    85485.21  -1547.9363   -68569.87   51351.693   879.09433
      0.262     0.03056     0.03058     0.01494   50672.543   898.52547  1118.75445   84464.596   -1576.822   -67553.03   50672.543   898.52547
      0.264     0.03024     0.03027     0.01515   49927.266    917.8762  1148.03889   83348.865  -1605.5897   -66432.93   49927.266    917.8762
      0.266     0.02991     0.02993     0.01536   49115.803    937.1585  1177.21458   82136.252  -1634.2609   -65211.16   49115.803    937.1585
      0.268     0.02955     0.02957     0.01557   48242.134   956.38441  1206.29822   80831.035   -1662.855   -63895.37   48242.134   956.38441
       0.27     0.02917     0.02918     0.01577   47314.093   975.55905  1235.29833   79443.318  -1691.3788   -62498.96   47314.093   975.55905
      0.272     0.02876     0.02877     0.01598   46340.207   994.67632  1264.20801   77984.061  -1719.8209   -61036.56   46340.207   994.67632
      0.274     0.02832     0.02834     0.01619   45326.061  1013.71898  1293.00391   76459.374   -1748.153   -59518.81   45326.061  1013.71898
      0.276     0.02785     0.02789     0.01639   44273.467  1032.66319  1321.65187   74869.306  -1776.3377   -57951.09   44273.467  1032.66319
      0.278     0.02737     0.02741     0.01659   43183.001  1051.48577  1350.11705   73212.039  -1804.3403   -56336.97   43183.001  1051.48577
       0.28     0.02687      0.0269      0.0168    42057.28  1070.17147  1378.37462   71489.193  -1832.1398   -54682.65    42057.28  1070.17147
      0.282     0.02635     0.02638       0.017   40902.436  1088.72074  1406.42174   69708.008  -1859.7405    -52999.3   40902.436  1088.72074
      0.284      0.0258     0.02582     0.01719   39727.073  1107.15211  1434.28173   67879.476  -1887.1746   -51301.74   39727.073  1107.15211
      0.286     0.02523     0.02525     0.01739   38539.602    1125.492  1461.98964   66014.295  -1914.4864   -49604.51   38539.602    1125.492
      0.288     0.02464     0.02466     0.01759   37346.052  1143.76209  1489.57401   64119.604  -1941.7123   -47918.55   37346.052  1143.76209
       0.29     0.02402     0.02405     0.01778   36149.432   1161.9715  1517.04598   62197.975  -1968.8685   -46250.32   36149.432   1161.9715
      0.292     0.02338     0.02342     0.01798   34950.806  1180.11361    1544.395   60249.082  -1995.9458   -44603.34   34950.806  1180.11361
      0.294     0.02273     0.02276     0.01817    33751.79  1198.16856  1571.59266   58273.727   -2022.913   -42981.64    33751.79  1198.16856
      0.296     0.02206     0.02208     0.01836    32556.68  1216.11074  1598.60331   56277.338  -2049.7289    -41392.7    32556.68  1216.11074
      0.298     0.02137     0.02139     0.01855  31371.9412  1233.91848   1625.3976   54269.266  -2076.3578   -39846.56  31371.9412  1233.91848
        0.3     0.02066     0.02068     0.01874  30202.9894  1251.58224  1651.96365   52257.729  -2102.7831   -38351.24  30202.9894  1251.58224
      0.302     0.01993     0.01995     0.01893  29050.5434  1269.10213  1678.30238    50244.35   -2129.004   -36907.28  29050.5434  1269.10213
      0.304     0.01918     0.01921     0.01911  27909.8191  1286.48046  1704.41609   48223.224  -2155.0253   -35506.23  27909.8191  1286.48046
      0.306     0.01841     0.01845     0.01929  26773.4029  1303.72286  1730.31086   46185.154  -2180.8577   -34135.05  26773.4029  1303.72286
      0.308     0.01763     0.01767     0.01947  25634.3249  1320.83674  1755.99556   44122.076  -2206.5147    -32780.9  25634.3249  1320.83674
       0.31     0.01683     0.01687     0.01965  24487.3111  1337.82324  1781.47085   42028.864  -2231.9989  -31433.069  24487.3111  1337.82324
      0.312     0.01602     0.01606     0.01983  23328.8902  1354.67162  1806.72161   39903.376  -2257.2932  -30083.295  23328.8902  1354.67162
      0.314     0.01519     0.01522     0.02001  22156.4494  1371.35867  1831.71609   37744.937  -2282.3599  -28724.411  22156.4494  1371.35867
      0.316     0.01434     0.01438     0.02018   20966.143  1387.85276  1856.41159   35550.995  -2307.1467  -27347.434   20966.143  1387.85276
      0.318     0.01347     0.01351     0.02035  19750.9853  1404.12072  1880.76382    33314.01  -2331.5983  -25938.946  19750.9853  1404.12072
       0.32     0.01258     0.01264     0.02052  18501.4615  1420.13468  1904.73617   31022.387  -2355.6679  -24481.998  18501.4615  1420.13468
      0.322     0.01169     0.01174     0.02068  17209.7083  1435.88532  1928.31883   28666.671  -2379.3371  -22962.454  17209.7083  1435.88532
      0.324     0.01078     0.01082     0.02084   15873.458  1451.38948  1951.53966  26245.3654  -2402.6288  -21375.009   15873.458  1451.38948
      0.326     0.00986     0.00989     0.02101  14495.2191  1466.67342  1974.43855  23764.0608  -2425.5817  -19721.597  14495.2191  1466.67342
      0.328     0.00892     0.00895     0.02116  13078.8006   1481.7548  1997.04024  21230.3078  -2448.2242  -18006.094  13078.8006   1481.7548
       0.33     0.00797       0.008     0.02132   11626.568  1496.63763  2019.34737  18649.2109  -2470.5655  -16230.493   11626.568  1496.63763
      0.332     0.00701     0.00703     0.02147  10138.2202  1511.31295  2041.34266  16021.4431  -2492.5962  -14393.217  10138.2202  1511.31295
      0.334     0.00603     0.00606     0.02163  8611.29264  1525.76448  2062.99877  13343.9367  -2514.2947  -12489.941  8611.29264  1525.76448
      0.336     0.00505     0.00508     0.02178  7043.34779    1539.977  2084.29202  10613.2413   -2535.639  -10516.802  7043.34779    1539.977
      0.338     0.00407     0.00409     0.02192  5435.12035  1553.94421  2105.21471  7830.51247  -2556.6179   -8474.849  5435.12035  1553.94421
       0.34     0.00308     0.00309     0.02207  3792.21622   1567.6729  2125.78102  5004.31664  -2577.2377   -6372.332  3792.21622   1567.6729
      0.342     0.00208     0.00209     0.02221  2122.46684  1581.17516   2146.0139  2146.88405  -2597.5116   -4220.516  2122.46684  1581.17516
      0.344     0.00108     0.00109     0.02235   430.60247  1594.45707  2165.92641  -733.96799  -2617.4448  -2025.7754   430.60247  1594.45707
      0.346   6.367E-05   8.361E-05     0.02249  -1284.3838  1607.52038  2185.52313    -3639.37   -2637.038   213.78176  -1284.3838  1607.52038
      0.348  -9.552E-04  -9.242E-04     0.02262  -3027.4126  1620.36506  2204.80349   -6576.815  -2656.2917  2505.42307  -3027.4126  1620.36506
       0.35    -0.00197    -0.00194     0.02276   -4802.865  1632.98655  2223.75808   -9553.059  -2675.2016  4855.53483   -4802.865  1632.98655
      0.352    -0.00298    -0.00296     0.02289   -6610.701  1645.37576  2242.36961  -12568.007  -2693.7577  7264.09581   -6610.701  1645.37576
      0.354      -0.004    -0.00398     0.02302   -8445.861  1657.52168  2260.61793  -15613.847  -2711.9471  9723.73715   -8445.861  1657.52168
      0.356    -0.00501      -0.005     0.02314  -10300.867  1669.41501  2278.48653  -18679.236  -2729.7585  12223.3659  -10300.867  1669.41501
      0.358    -0.00603    -0.00602     0.02327  -12169.688  1681.05083  2295.96699  -21755.445  -2747.1855  14753.6186  -12169.688  1681.05083
       0.36    -0.00706    -0.00703     0.02339  -14050.387  1692.42894  2313.05966  -24840.563  -2764.2272   17310.598  -14050.387  1692.42894
      0.362    -0.00809    -0.00805      0.0235  -15944.452  1703.55316   2329.7722  -27938.491  -2780.8873  19894.8663  -15944.452  1703.55316
      0.364    -0.00911    -0.00907     0.02362  -17852.864  1714.42894  2346.11541  -31052.693  -2797.1714  22505.8977  -17852.864  1714.42894
      0.366    -0.01012    -0.01009     0.02373  -19771.895   1725.0583  2362.09479   -34179.32  -2813.0801  25136.3651  -19771.895   1725.0583
      0.368    -0.01112     -0.0111     0.02384  -21692.287  1735.43674  2377.70475   -37305.69  -2828.6055  27771.1736  -21692.287  1735.43674
       0.37    -0.01213    -0.01212     0.02395  -23602.941  1745.55432  2392.92959   -40416.09  -2843.7334   30392.728  -23602.941  1745.55432
      0.372    -0.01314    -0.01312     0.02406  -25496.231  1755.39965  2407.74918   -43500.27  -2858.4498   32988.425  -25496.231  1755.39965
      0.374    -0.01415    -0.01412     0.02416   -27370.38  1764.96487  2422.14703   -46557.14  -2872.7476   35554.004   -27370.38  1764.96487
      0.376    -0.01515    -0.01511     0.02426  -29227.164  1774.24948  2436.11732   -49591.16  -2886.6311   38090.329  -29227.164  1774.24948
      0.378    -0.01614     -0.0161     0.02435   -31067.24  1783.26112  2449.66745   -52604.94  -2900.1159   40596.779   -31067.24  1783.26112
       0.38    -0.01712    -0.01709     0.02444   -32886.81  1792.01251  2462.81468   -55593.95  -2913.2229   43066.482   -32886.81  1792.01251
      0.382    -0.01809    -0.01807     0.02453    -34677.1  1800.52198  2475.58718   -58546.05  -2925.9788    45485.26    -34677.1  1800.52198
      0.384    -0.01905    -0.01904     0.02462    -36426.9  1808.81217  2488.02164   -61445.78  -2938.4149   47834.901    -36426.9  1808.81217
      0.386    -0.02001       -0.02     0.02471   -38127.01  1816.89708  2500.14238   -64281.04  -2950.5489   50099.981   -38127.01  1816.89708
      0.388    -0.02096    -0.02094     0.02479   -39773.09  1824.77373  2511.94737   -67047.05  -2962.3738   52272.218   -39773.09  1824.77373
       0.39     -0.0219    -0.02187     0.02487   -41364.51  1832.42677  2523.41422   -69744.49  -2973.8661   54349.022   -41364.51  1832.42677
      0.392    -0.02282     -0.0228     0.02495    -42900.8  1839.83806  2534.51441   -72373.82  -2984.9998   56328.576    -42900.8  1839.83806
      0.394    -0.02372    -0.02371     0.02502   -44378.59  1846.99748  2545.22985   -74930.27  -2995.7626   58205.491   -44378.59  1846.99748
      0.396    -0.02461     -0.0246      0.0251   -45791.47   1853.9107   2555.5654   -77403.76  -3006.1667   59970.668   -45791.47   1853.9107
      0.398    -0.02548    -0.02548     0.02516   -47133.05  1860.60105  2565.55261   -79783.72  -3016.2505   61615.427   -47133.05  1860.60105
        0.4    -0.02633    -0.02633     0.02523   -48358.87  1857.70602  2556.24825   -81975.02  -3016.8698   63101.594   -48358.87  1857.70602
      0.402    -0.02717    -0.02717      0.0253   -49053.99  1749.99354  2335.05368   -83073.18  -2914.9269   64088.789   -49053.99  1749.99354
      0.404      -0.028    -0.02798     0.02536   -49707.16  1646.57311  2122.58982   -84129.49  -2817.1295   64992.003   -49707.16  1646.57311
      0.406     -0.0288    -0.02878     0.02542   -50326.11  1546.73563  1917.41101   -85149.57  -2722.7959   65828.759   -50326.11  1546.73563
      0.408    -0.02957    -0.02956     0.02548   -50916.88  1450.05776  1718.67907   -86137.61  -2631.4942   66613.017   -50916.88  1450.05776
       0.41    -0.03033    -0.03032     0.02554   -51483.72  1356.31688  1525.97425   -87095.68  -2542.9764    67355.49   -51483.72  1356.31688
      0.412    -0.03107    -0.03106     0.02559   -52030.12  1265.37895  1339.06043   -88024.96  -2457.0764   68065.413   -52030.12  1265.37895
      0.414    -0.03179    -0.03178     0.02564   -52560.23  1177.03235  1157.53869   -88927.43  -2373.5584   68753.253   -52560.23  1177.03235
      0.416     -0.0325    -0.03248     0.02569   -53081.87  1090.62692   980.26634   -89808.78  -2291.6144   69436.825   -53081.87  1090.62692
      0.418    -0.03318    -0.03316     0.02574   -53607.12  1004.99048   805.25683   -90678.87  -2209.7146   70142.501   -53607.12  1004.99048
       0.42    -0.03385    -0.03382     0.02579   -54136.76   920.31732   632.32309   -91538.65  -2128.6289   70871.639   -54136.76   920.31732
      0.422    -0.03449    -0.03447     0.02583   -54676.18   836.23081   460.68219   -92391.99  -2048.0102   71636.536   -54676.18   836.23081
      0.424    -0.03511     -0.0351     0.02587   -55230.01   752.70435   289.99941   -93240.58  -1968.1136   72449.462   -55230.01   752.70435
      0.426    -0.03571     -0.0357     0.02591   -55799.68   669.83335   120.38973   -94083.83  -1889.1103   73315.216   -55799.68   669.83335
      0.428     -0.0363    -0.03629     0.02594   -56308.44   603.48016   -15.72363   -94758.64  -1826.1641   74166.673   -56308.44   603.48016
       0.43    -0.03687    -0.03685     0.02597   -56917.62   689.40778   156.15498   -95613.17  -1912.0684   75139.682   -56917.62   689.40778
      0.432    -0.03743     -0.0374     0.02601   -57514.04   611.82313    -2.45279   -96401.26  -1837.9222   76140.851   -57514.04   611.82313
      0.434    -0.03796    -0.03793     0.02603   -58154.21   696.62624    167.4087   -97245.76    -1922.47   77216.883   -58154.21   696.62624
      0.436    -0.03846    -0.03844     0.02606   -58794.43   616.83434     4.63688   -98054.87  -1845.8661   78328.415   -58794.43   616.83434
      0.438    -0.03895    -0.03893     0.02608   -59459.42   700.18579   171.87844   -98886.35  -1928.6789   79491.902   -59459.42   700.18579
       0.44    -0.03942     -0.0394      0.0261   -60116.66   619.04563     6.70451   -99675.54  -1850.4324   80674.431   -60116.66   619.04563
      0.442    -0.03987    -0.03985     0.02612   -60410.44    620.4917     8.62446   -99656.45  -1852.8506   81574.879   -60410.44    620.4917
      0.444    -0.04031    -0.04028     0.02614    -61083.6    699.1838   166.86792  -100443.19  -1930.6835    82807.61    -61083.6    699.1838
      0.446    -0.04072    -0.04069     0.02615    -61684.4   609.14741    -15.9808  -101060.75   -1843.423   83992.455    -61684.4   609.14741
      0.448    -0.04112    -0.04109     0.02616    -61882.7    622.7447    10.80309  -100917.77   -1857.431   84730.335    -61882.7    622.7447
       0.45    -0.04148    -0.04146     0.02617   -62163.62   628.92716    58.04429  -101150.17  -1828.7372   85340.676   -62163.62   628.92716
      0.452    -0.04183    -0.04181     0.02618   -62411.62   575.47036     9.21696  -101372.53  -1717.1941   85862.328   -62411.62   575.47036
      0.454    -0.04216    -0.04214     0.02618   -62555.94   543.26561     6.71084  -101356.58   -1623.086   86311.231   -62555.94   543.26561
      0.456    -0.04247    -0.04245     0.02619   -62698.91   513.32182     7.33258  -101343.78  -1532.6329    86752.94   -62698.91   513.32182
      0.458    -0.04276    -0.04274     0.02619    -62841.9   484.08004     7.27813  -101340.62   -1444.962   87185.079    -62841.9   484.08004
       0.46    -0.04303    -0.04301     0.02619   -62976.43   455.94071     7.44399  -101331.02  -1360.3781   87598.258   -62976.43   455.94071
      0.462    -0.04328    -0.04325     0.02619   -63103.47   428.06362     5.97407  -101321.16  -1278.2168   87989.265   -63103.47   428.06362
      0.464     -0.0435    -0.04348     0.02618   -63210.41   403.16159      8.7149  -101287.56  -1200.7699   88343.659   -63210.41   403.16159
      0.466     -0.0437    -0.04369     0.02618     -63311.    376.4803     3.53648  -101259.47  -1125.9044   88673.517     -63311.    376.4803
      0.468    -0.04387    -0.04387     0.02617   -63382.33   356.99988     9.78119  -101200.21  -1061.2185   88946.763   -63382.33   356.99988
       0.47    -0.04403    -0.04402     0.02616   -63452.55   335.28353     3.21515  -101165.64  -1002.6354   89192.024   -63452.55   335.28353
      0.472    -0.04417    -0.04416     0.02615   -63496.53   322.71946     9.49121  -101113.97  -958.66717   89375.609   -63496.53   322.71946
      0.474    -0.04428    -0.04427     0.02614   -63543.84   309.75859     6.22669  -101096.48  -923.04909   89535.055   -63543.84   309.75859
      0.476    -0.04437    -0.04435     0.02613   -63577.86   302.80658     8.01547  -101085.93  -900.40428   89647.638   -63577.86   302.80658
      0.478    -0.04443    -0.04442     0.02612   -63602.13   299.33034    10.17531  -101096.16  -887.81569   89710.225   -63602.13   299.33034
       0.48    -0.04446    -0.04446      0.0261   -63609.36   295.74287     5.72301  -101117.93  -881.50561   89710.146   -63609.36   295.74287
      0.482    -0.04447    -0.04447     0.02609   -63567.26   293.95164     1.98199  -101099.33  -879.87294   89602.437   -63567.26   293.95164
      0.484    -0.04446    -0.04446     0.02607   -63424.88   293.32819     0.63922  -100942.63  -879.34534   89332.017   -63424.88   293.32819
      0.486    -0.04444    -0.04442     0.02606    -63192.9   292.59133    -0.86181  -100666.01   -878.6358   88912.699    -63192.9   292.59133
      0.488    -0.04438    -0.04436     0.02604    -62880.7   291.71082    -2.56473  -100281.46   -877.6972   88360.629    -62880.7   291.71082
       0.49     -0.0443    -0.04428     0.02602   -62499.63   290.68178     -4.4827   -99803.22  -876.52803   87695.667   -62499.63   290.68178
      0.492     -0.0442    -0.04418       0.026   -62059.89   289.55818    -6.56243   -99242.72  -875.23697   86936.954   -62059.89   289.55818
      0.494    -0.04407    -0.04406     0.02598   -61567.37    288.3771    -8.76029   -98604.43   -873.8916   86097.676   -61567.37    288.3771
      0.496    -0.04392    -0.04391     0.02596   -61026.03   287.17656   -11.02766   -97889.79  -872.55735   85188.291   -61026.03   287.17656
      0.498    -0.04375    -0.04374     0.02593   -60442.16   285.97574   -13.33568   -97104.39   -871.2629   84222.083   -60442.16   285.97574
        0.5    -0.04357    -0.04355     0.02591   -59826.18   284.76311   -15.69219   -96261.03  -869.98153    83217.52   -59826.18   284.76311
      0.502    -0.04337    -0.04334     0.02589   -59189.08   283.50334   -18.13325   -95374.39  -868.64326   82192.866   -59189.08   283.50334
      0.504    -0.04314    -0.04311     0.02586   -58537.29   282.15374   -20.70239   -94453.11   -867.1636   81158.774   -58537.29   282.15374
      0.506    -0.04288    -0.04286     0.02583   -57871.66   280.67007   -23.44748   -93497.45  -865.45771   80117.534   -57871.66   280.67007
      0.508     -0.0426     -0.0426     0.02581   -57189.65   279.01579   -26.41198   -92502.07  -863.45934   79066.884   -57189.65   279.01579
       0.51    -0.04231    -0.04231     0.02578   -56488.45   277.17826    -29.6136   -91460.75   -861.1484   78004.588   -56488.45   277.17826
      0.512      -0.042      -0.042     0.02575   -55768.39   275.17697   -33.03232   -90371.84  -858.56323   76933.336   -55768.39   275.17697
      0.514    -0.04168    -0.04167     0.02572   -55035.22   273.05993   -36.61256   -89242.07  -855.79234     75863.6   -55035.22   273.05993
      0.516    -0.04133    -0.04131     0.02568   -54298.59    270.8898   -40.27874   -88084.69  -852.94813   74811.079   -54298.59    270.8898
      0.518    -0.04095    -0.04094     0.02565   -53566.37   268.72475   -43.95774   -86910.79  -850.13201   73788.332   -53566.37   268.72475
       0.52    -0.04055    -0.04055     0.02562   -52839.03   266.60072   -47.60077   -85720.51  -847.40294   72796.589   -52839.03   266.60072
      0.522    -0.04013    -0.04014     0.02559   -52109.78   264.51774   -51.20195   -84503.24  -844.75516   71826.092   -52109.78   264.51774
      0.524    -0.03969     -0.0397     0.02556   -51370.68   262.43796   -54.80308   -83247.13  -842.11696   70864.913   -51370.68   262.43796
      0.526    -0.03923    -0.03924     0.02552   -50618.58   260.30251   -58.47288   -81948.45  -839.38042   69907.271   -50618.58   260.30251
      0.528    -0.03876    -0.03876     0.02549   -49855.99   258.05559   -62.27665   -80612.82  -836.44342   68955.137   -49855.99   258.05559
       0.53    -0.03827    -0.03825     0.02546   -49087.66   255.66467   -66.25134   -79249.25  -833.24533   68013.715   -49087.66   255.66467
      0.532    -0.03775    -0.03774     0.02542   -48316.21   253.13055   -70.39273   -77863.02  -829.78438   67085.621   -48316.21   253.13055
      0.534     -0.0372     -0.0372     0.02539   -47539.44   250.49725   -74.64625   -76451.61  -826.13802   66166.723   -47539.44   250.49725
      0.536    -0.03663    -0.03665     0.02536   -46751.81   247.81585   -78.94713   -75006.65  -822.39467   65248.787   -46751.81   247.81585
      0.538    -0.03605    -0.03607     0.02532   -45946.15   245.15602    -83.2143   -73517.67  -818.68235    64320.79   -45946.15   245.15602
       0.54    -0.03546    -0.03547     0.02529   -45119.27   242.55982   -87.40096   -71980.53  -815.08042   63377.271   -45119.27   242.55982
      0.542    -0.03486    -0.03485     0.02526   -44273.71   240.02415    -91.5134   -70400.74  -811.58585   62420.382   -44273.71   240.02415
      0.544    -0.03423    -0.03421     0.02522   -43413.04   237.55329   -95.55632   -68786.97  -808.21618   61452.144   -43413.04   237.55329
      0.546    -0.03358    -0.03357     0.02519   -42538.08   235.08058   -99.60688   -67143.32  -804.84862    60470.92   -42538.08   235.08058
      0.548     -0.0329     -0.0329     0.02516   -41640.38   232.57532  -103.70328   -65460.33  -801.42925   59460.811   -41640.38   232.57532
       0.55    -0.03221    -0.03222     0.02512   -40707.45   229.99248  -107.89177   -63721.67  -797.86922   58400.683   -40707.45   229.99248
      0.552    -0.03151    -0.03152     0.02509   -39728.72     227.317  -112.18153   -61913.89  -794.13254   57272.279   -39728.72     227.317
      0.554     -0.0308    -0.03081     0.02505   -38700.58   224.56266  -116.54759     -60034.  -790.23558   56067.747   -38700.58   224.56266
      0.556    -0.03008    -0.03007     0.02502    -37625.9    221.7669  -120.94009   -58088.44  -786.24078   54789.253    -37625.9    221.7669
      0.558    -0.02934    -0.02932     0.02499   -36509.97   218.97737  -125.30251   -56086.78  -782.23461   53443.143   -36509.97   218.97737
       0.56    -0.02858    -0.02857     0.02495   -35356.16   216.23558  -129.59177   -54034.91  -778.29852   52033.576   -35356.16   216.23558
      0.562     -0.0278     -0.0278     0.02492   -34162.43   213.56616  -133.78859   -51930.28  -774.48707   50556.998   -34162.43   213.56616
      0.564      -0.027    -0.02702     0.02489    -32921.9   210.97376  -137.89697    -49762.9  -770.81825   49002.786    -32921.9   210.97376
      0.566     -0.0262    -0.02622     0.02486   -31626.92   208.44417  -141.93947   -47521.92  -767.27197   47358.838   -31626.92   208.44417
      0.568     -0.0254     -0.0254     0.02483  -30274.472   205.95099  -145.94696   -45204.15  -763.79994   45619.263  -30274.472   205.95099
       0.57    -0.02458    -0.02457     0.02479  -28867.754   203.46606  -149.94558    -42816.5  -760.34376   43786.767  -28867.754   203.46606
      0.572    -0.02375    -0.02374     0.02476  -27412.263   200.96798  -153.94847    -40369.3   -756.8524   41867.488  -27412.263   200.96798
      0.574     -0.0229    -0.02289     0.02473  -25910.136   198.44723   -157.9536   -37866.94   -753.2953   39863.465  -25910.136   198.44723
      0.576    -0.02204    -0.02204      0.0247  -24358.447   195.90777  -161.94615   -35304.81  -749.66946   37770.537  -24358.447   195.90777
      0.578    -0.02116    -0.02118     0.02467  -22752.903   193.36538  -165.90369   -32675.11  -745.99982   35583.597  -22752.903   193.36538
       0.58    -0.02028     -0.0203     0.02464  -21093.051   190.84334  -169.80231  -29975.313  -742.33234    33303.84  -21093.051   190.84334
      0.582     -0.0194    -0.01941     0.02461   -19385.05   188.36494  -173.62451  -27212.521  -738.71935  30942.6273   -19385.05   188.36494
      0.584    -0.01851    -0.01851     0.02458  -17640.021   185.94611  -177.36452   -24401.36  -735.20284  28518.7027  -17640.021   185.94611
      0.586    -0.01761     -0.0176     0.02456  -15870.318   183.59305   -181.0256  -21558.351  -731.80476  26052.6039  -15870.318   183.59305
      0.588     -0.0167     -0.0167     0.02453  -14084.674   181.30286   -184.6146  -18694.727  -728.52318  23559.2961  -14084.674   181.30286
       0.59    -0.01577    -0.01578      0.0245  -12285.472   179.06481  -188.13854  -15812.148  -725.33297  21044.2678  -12285.472   179.06481
      0.592    -0.01484    -0.01486     0.02448   -10470.28   176.86261  -191.60365   -12904.99  -722.19148  18505.8509   -10470.28   176.86261
      0.594    -0.01391    -0.01393     0.02445   -8637.538   174.67668  -195.01732   -9969.151  -719.04734  15943.4624   -8637.538   174.67668
      0.596    -0.01298    -0.01299     0.02443   -6791.987   172.48659  -198.39085   -7010.461  -715.85063  13365.4988   -6791.987   172.48659
      0.598    -0.01205    -0.01205      0.0244   -4944.814   170.27438  -201.74004    -4044.65  -712.56317  10789.7908   -4944.814   170.27438
        0.6    -0.01111     -0.0111     0.02438  -3108.3919   168.02846  -205.08187  -1088.7811  -709.16725  8236.39466  -3108.3919   168.02846
      0.602    -0.01016    -0.01016     0.02436  -1290.7366   165.74779  -208.42768   1847.5242  -705.67106  5719.73399  -1290.7366   165.74779
      0.604     -0.0092    -0.00921     0.02433   505.59418   163.44374  -211.77673  4763.50689  -702.10795  3246.72434   505.59418   163.44374
      0.606    -0.00824    -0.00827     0.02431  2280.32466   161.13777  -215.11438  7661.80793  -698.52768   820.83395  2280.32466   161.13777
      0.608    -0.00729    -0.00731     0.02429  4032.06483    158.8544   -218.4172  10542.6488  -694.98041  -1553.5457  4032.06483    158.8544
       0.61    -0.00635    -0.00636     0.02427  5755.36876   156.61889  -221.65364   13399.276  -691.51033    -3866.83  5755.36876   156.61889
      0.612     -0.0054     -0.0054     0.02425  7441.69779   154.44275  -224.80091  16218.8066  -688.12916   -6106.287  7441.69779   154.44275
      0.614    -0.00445    -0.00445     0.02423  9083.50225   152.31906   -227.8545  18988.8538  -684.81167   -8261.653  9083.50225   152.31906
      0.616    -0.00349     -0.0035     0.02421   10680.139   150.22106  -230.83471  21707.2654  -681.49787  -10333.152   10680.139   150.22106
      0.618    -0.00254    -0.00256     0.02419  12239.3328   148.10798  -233.78401  24384.9502  -678.10794  -12333.048  12239.3328   148.10798
       0.62    -0.00159    -0.00161     0.02418  13770.3686    145.9381  -236.75352  27035.3634   -674.5678  -14275.743  13770.3686    145.9381
      0.622  -6.503E-04  -6.679E-04     0.02416  15275.2629   143.68106  -239.78839  29660.8131  -670.83157  -16164.976  15275.2629   143.68106
      0.624   2.770E-04   2.751E-04     0.02414  16746.8411   141.32231  -242.92165   32250.028  -666.88857  -17990.495  16746.8411   141.32231
      0.626      0.0012     0.00121     0.02413  18175.1768   138.87873  -246.14701   34787.821  -662.78319   -19737.71  18175.1768   138.87873
      0.628     0.00213     0.00214     0.02411  19553.3779   136.39548   -249.4176   37263.613  -658.60404  -21396.521  19553.3779   136.39548
       0.63     0.00305     0.00305     0.02409  20880.5906   133.92687  -252.66827   39675.695  -654.44889  -22966.077  20880.5906   133.92687
      0.632     0.00397     0.00396     0.02408  22162.8008   131.51337  -255.84529   42032.308  -650.38541  -24456.094  22162.8008   131.51337
      0.634     0.00487     0.00486     0.02406   23408.875    129.1637   -258.9315   44345.371  -646.42259  -25881.254   23408.875    129.1637
      0.636     0.00575     0.00575     0.02405   24623.032   126.84794  -261.95844   46618.504  -642.50226  -27250.592   24623.032   126.84794
      0.638     0.00661     0.00664     0.02403  25802.3396   124.50399  -265.00134   48843.275  -638.51329  -28563.744  25802.3396   124.50399
       0.64     0.00747      0.0075     0.02402  26943.1745   122.05587  -268.15747   51010.055  -634.32507  -29819.469  26943.1745   122.05587
      0.642     0.00833     0.00835       0.024  28048.1512   119.43796  -271.51549   53119.634  -629.82937   -31024.82  28048.1512   119.43796
      0.644     0.00917     0.00918     0.02399  29125.0722    116.6163  -275.12708   55181.845  -624.97598   -32193.37  29125.0722    116.6163
      0.646     0.00999        0.01     0.02397  30181.4109   113.60403  -278.98424   57206.614  -619.79633   -33337.62  30181.4109   113.60403
      0.648     0.01078      0.0108     0.02395  31220.2817   110.45629  -283.02402   59197.445   -614.3929    -34463.4  31220.2817   110.45629
       0.65     0.01155     0.01159     0.02393   32239.092   107.24617    -287.159   61149.039  -608.89752   -35568.24   32239.092   107.24617
      0.652      0.0123     0.01235     0.02391   33230.946   104.03294  -291.31834   63049.025  -603.41717   -36643.81   33230.946   104.03294
      0.654     0.01305     0.01309     0.02389   34190.542   100.83629    -295.481   64886.995  -597.98988   -37684.63   34190.542   100.83629
      0.656     0.01377     0.01381     0.02387   35121.026    97.62656  -299.68806   66665.475  -592.56773    -38697.6   35121.026    97.62656
      0.658     0.01447      0.0145     0.02385   36033.293    94.33364  -304.03102   68398.996  -587.03193   -39700.88   36033.293    94.33364
       0.66     0.01514     0.01518     0.02382   36937.088    90.87031  -308.62202   70100.122  -581.23296   -40711.14   36937.088    90.87031
      0.662     0.01578     0.01583      0.0238   37834.041    87.16203  -313.55602   71768.721  -575.04212    -41733.4   37834.041    87.16203
      0.664     0.01639     0.01645     0.02377   38719.093    83.16901  -318.88197   73394.763  -568.38899   -42762.52   38719.093    83.16901
      0.666     0.01698     0.01705     0.02374   39585.921    78.90161   -324.5857    74967.23  -561.29055   -43790.53   39585.921    78.90161
      0.668     0.01755     0.01761     0.02371   40430.642    74.40679  -330.60731   76479.975  -553.82767   -44811.95   40430.642    74.40679
       0.67     0.01809     0.01814     0.02367   41253.667    69.74815  -336.86916   77934.427  -546.11362   -45826.57   41253.667    69.74815
      0.672      0.0186     0.01865     0.02364   42058.665    64.98452  -343.30651    79337.69  -538.26006   -46838.31   42058.665    64.98452
      0.674     0.01907     0.01913      0.0236   42852.943    60.59121  -349.45147   80699.185   -531.2251   -47859.64   42852.943    60.59121
      0.676     0.01951     0.01958     0.02356   43622.151    56.03819  -355.85364   82001.775  -523.96822   -48864.68   43622.151    56.03819
      0.678     0.01991     0.01999     0.02352    44353.63    51.29678  -362.56664   83226.685  -516.45698    -49834.2    44353.63    51.29678
       0.68     0.02029     0.02037     0.02347    45040.12    46.28548  -369.69353   84362.683  -508.54996   -50757.68    45040.12    46.28548
      0.682     0.02064     0.02072     0.02343   45681.801      40.939  -377.31083   85410.795  -500.12783   -51634.61   45681.801      40.939
      0.684     0.02096     0.02102     0.02337   46284.041    35.23074  -385.44315     86379.7  -491.13538   -52472.42   46284.041    35.23074
      0.686     0.02124      0.0213     0.02332   46667.304     70.3752    -310.712   86880.341  -521.83759   -53121.57   46667.304     70.3752
      0.688     0.02148     0.02155     0.02326    46998.57   107.92301  -230.86283   87277.327  -554.63185   -53718.38    46998.57   107.92301
       0.69     0.02167     0.02176      0.0232   47300.505    140.6804  -160.46693   87627.314  -582.50812    -54274.2   47300.505    140.6804
      0.692     0.02184     0.02194     0.02314   47563.844   167.73365  -101.41254   87920.915  -604.61351   -54770.62   47563.844   167.73365
      0.694     0.02198     0.02207     0.02308   47781.196   188.42919   -55.05746   88151.379  -620.34502   -55192.21   47781.196   188.42919
      0.696     0.02209     0.02216     0.02301   47950.698   202.80107   -21.35189   88318.953  -629.75511   -55533.14   47950.698   202.80107
      0.698     0.02215     0.02222     0.02294   48073.891   211.25872     0.53317   88427.759  -633.24298   -55793.91   48073.891   211.25872
        0.7     0.02217     0.02225     0.02286   48150.517   213.89432    10.80121   88478.808  -630.88176   -55972.74   48150.517   213.89432
      0.702     0.02215     0.02224     0.02278    48190.77   206.76074     1.49284   88497.928   -618.7894   -56074.38    48190.77   206.76074
      0.704     0.02209     0.02219      0.0227   48156.202   197.83734   -11.25072   88405.136  -604.76275   -56063.47   48156.202   197.83734
      0.706       0.022      0.0221     0.02261   48036.664   188.38893   -24.86305   88179.085  -590.02986   -55930.91   48036.664   188.38893
      0.708     0.02188     0.02197     0.02252   47832.403   178.55714   -39.01277   87819.381  -574.68419   -55677.83   47832.403   178.55714
       0.71     0.02173      0.0218     0.02242    47550.18    168.3326   -53.70863    87336.46  -558.70643   -55314.08    47550.18    168.3326
      0.712     0.02152      0.0216     0.02233   47197.155   157.70478   -68.97279    86742.24  -542.08713   -54849.22   47197.155   157.70478
      0.714     0.02128     0.02136     0.02222   46773.693   146.67175   -84.82733   86038.359  -524.84257   -54282.72   46773.693   146.67175
      0.716     0.02099     0.02109     0.02212   46271.243   135.24301  -101.28413   85212.361  -507.01315   -53601.37   46271.243   135.24301
      0.718     0.02067     0.02077     0.02201   45679.877   123.43996  -118.33591   84249.341  -488.65578   -52790.29   45679.877   123.43996
       0.72     0.02032     0.02042     0.02189     44997.5   111.29221  -135.95397   83146.283  -469.83061   -51846.22     44997.5   111.29221
      0.722     0.01994     0.02002     0.02177   44231.569    98.83366  -154.08942   81914.116   -450.5904   -50780.59   44231.569    98.83366
      0.724     0.01953      0.0196     0.02165   43394.871    86.09993  -172.67697   80570.212  -430.97675    -49614.4   43394.871    86.09993
      0.726     0.01907     0.01914     0.02152   42499.559    73.10079  -191.68122   79129.903  -410.98358   -48368.77   42499.559    73.10079
      0.728     0.01857     0.01865     0.02139   41554.099    59.80991  -211.11945   77602.504  -390.54917   -47059.79   41554.099    59.80991
       0.73     0.01804     0.01812     0.02126    40562.05    46.17629   -231.0519   75989.837  -369.58079   -45696.31    40562.05    46.17629
      0.732     0.01748     0.01756     0.02112   39524.511    32.14787  -251.55177   74290.454  -347.99539   -44283.08   39524.511    32.14787
      0.734      0.0169     0.01697     0.02098   38446.107     17.6969  -272.66891   72509.508  -325.75962   -42828.81   38446.107     17.6969
      0.736     0.01629     0.01635     0.02084   37337.222      2.8371   -294.4022   70662.371  -302.91351   -41349.29   37337.222      2.8371
      0.738     0.01565      0.0157     0.02069   36208.302   -12.37352  -316.69002   68765.151  -279.56946   -39859.75   36208.302   -12.37352
       0.74     0.01498     0.01503     0.02053   35063.455   -27.84587  -339.42294   66823.938  -255.88534   -38366.43   35063.455   -27.84587
      0.742     0.01427     0.01433     0.02038   33900.526   -43.49533  -362.49016   64835.076  -232.00418    -36866.5   33900.526   -43.49533
      0.744     0.01354     0.01361     0.02022    32714.53   -59.29207  -385.85044   62791.607  -207.97422   -35351.98    32714.53   -59.29207
      0.746     0.01279     0.01286     0.02006  31502.2942    -75.2566  -409.52391   60689.364  -183.75411   -33817.52  31502.2942    -75.2566
      0.748     0.01201     0.01208     0.01989  30263.1032   -91.45074  -433.58163   58527.562  -159.22942   -32261.75  30263.1032   -91.45074
       0.75     0.01121     0.01127     0.01972  28998.8634  -107.96094  -458.12735   56309.555  -134.24452  -30687.035  28998.8634  -107.96094
      0.752     0.01038     0.01044     0.01955  27712.6696  -124.86976  -483.26285   54041.197  -108.65356  -29096.812  27712.6696  -124.86976
      0.754     0.00953     0.00959     0.01937  26403.6388  -142.22741  -509.05234   51722.916   -82.37012     -27488.  26403.6388  -142.22741
      0.756     0.00864     0.00872     0.01919  25063.7446  -160.03648  -535.50299   49344.669   -55.39354  -25846.565  25063.7446  -160.03648
      0.758     0.00773     0.00781       0.019  23682.0844  -178.25603  -562.56973   46892.679   -27.80165  -24153.575  23682.0844  -178.25603
       0.76     0.00681     0.00688     0.01881  22251.2372  -196.82131  -590.17943   44359.298     0.28451  -22394.413  22251.2372  -196.82131
      0.762     0.00586     0.00593     0.01861  20768.4082  -215.66525  -618.25504   41743.919    28.74072  -20561.306  20768.4082  -215.66525
      0.764     0.00488     0.00495     0.01842  19233.5746  -234.73204  -646.72822   39048.729    57.46791  -18651.995  19233.5746  -234.73204
      0.766     0.00388     0.00395     0.01821  17647.8659  -254.00865    -675.582   36276.553    86.44395  -16667.045  17647.8659  -254.00865
      0.768     0.00286     0.00293     0.01801  16013.7418  -273.53454  -704.86483   33431.517   115.73879  -14609.708  16013.7418  -273.53454
       0.77     0.00181     0.00188      0.0178  14333.1101  -293.38683  -734.67187  30516.1534   145.48863  -12483.177  14333.1101  -293.38683
      0.772   7.508E-04   8.218E-04     0.01758   12606.061   -313.6497  -765.10579  27529.6199   175.84331  -10288.563   12606.061   -313.6497
      0.774  -3.282E-04  -2.618E-04     0.01736  10834.0603  -334.38441  -796.23808  24473.2887   206.91514   -8028.892  10834.0603  -334.38441
      0.776    -0.00142    -0.00136     0.01714  9022.72389  -355.60062  -828.07355  21355.7941    238.7283   -5712.378  9022.72389  -355.60062
      0.778    -0.00254    -0.00248     0.01691  7177.50016  -377.25508  -860.55115  18186.2093   271.21408   -3346.291  7177.50016  -377.25508
       0.78    -0.00367    -0.00361     0.01668  5298.98388  -399.26946  -893.56969  14966.3964   304.23868  -930.55521  5298.98388  -399.26946
      0.782    -0.00482    -0.00476     0.01644  3385.13958  -421.55767  -927.02387   11694.328   337.64914  1538.90931  3385.13958  -421.55767
      0.784    -0.00598    -0.00592     0.01621  1435.37795   -444.0498  -960.83267  8369.95026   371.31673   4063.8164  1435.37795   -444.0498
      0.786    -0.00715    -0.00709     0.01596  -549.44222  -466.71709  -994.96958   4994.7731   405.18169  6643.09976  -549.44222  -466.71709
      0.788    -0.00832    -0.00828     0.01572  -2565.6248  -489.57843  -1029.4672  1573.80384   439.26803  9270.67828  -2565.6248  -489.57843
       0.79    -0.00951    -0.00947     0.01547   -4604.064  -512.68836  -1064.3983  -1880.2137   473.66678  11931.9782   -4604.064  -512.68836
      0.792    -0.01071    -0.01067     0.01522   -6653.768  -536.11079  -1099.8392   -5352.149   508.49316  14609.1556   -6653.768  -536.11079
      0.794    -0.01192    -0.01188     0.01496   -8708.098  -559.89127  -1135.8352   -8834.155   543.83866  17290.1384   -8708.098  -559.89127
      0.796    -0.01313    -0.01309      0.0147  -10764.679  -584.03825  -1172.3786  -12325.042   579.73611  19968.9963  -10764.679  -584.03825
      0.798    -0.01434     -0.0143     0.01443  -12820.271  -608.51856  -1209.4098  -15821.343   616.14583  22639.4698  -12820.271  -608.51856
        0.8    -0.01556    -0.01552     0.01416  -14869.605  -633.27164  -1246.8413  -19315.336   652.97362  25293.4803  -14869.605  -633.27164
      0.802    -0.01677    -0.01674     0.01389  -16908.187  -658.23111  -1284.5897   -22799.79   690.10367  27924.7708  -16908.187  -658.23111
      0.804    -0.01798    -0.01796     0.01362  -18932.143  -683.34305  -1322.5982  -26268.042   727.43092  30528.3867  -18932.143  -683.34305
      0.806     -0.0192    -0.01917     0.01335  -20937.574  -708.57909  -1360.8491   -29713.17   764.88812   33099.551  -20937.574  -708.57909
      0.808    -0.02041    -0.02038     0.01307  -22922.984  -733.93779  -1399.3576   -33132.44   802.45581    35636.51  -22922.984  -733.93779
       0.81    -0.02161    -0.02159     0.01279    -24889.3  -759.43708  -1438.1546   -36527.78   840.15659   38140.124    -24889.3  -759.43708
      0.812    -0.02281    -0.02279     0.01251  -26834.237   -785.1017  -1477.2672   -39896.62   878.03792    40606.09  -26834.237   -785.1017
      0.814    -0.02399    -0.02399     0.01222  -28749.526  -810.94999  -1516.7009   -43227.18   916.14909   43021.398  -28749.526  -810.94999
      0.816    -0.02517    -0.02517     0.01193   -30626.08  -836.98434  -1556.4332    -46506.4   954.51983   45371.836   -30626.08  -836.98434
      0.818    -0.02634    -0.02634     0.01164   -32458.81  -863.18984  -1596.4197    -49727.2   993.14977   47649.213   -32458.81  -863.18984
       0.82     -0.0275     -0.0275     0.01135   -34245.68  -889.54162  -1636.6127   -52886.43  1032.01214   49850.612   -34245.68  -889.54162
      0.822    -0.02864    -0.02864     0.01106   -35987.11  -916.01437  -1676.9781    -55983.6  1071.06498   51977.734   -35987.11  -916.01437
      0.824    -0.02977    -0.02977     0.01076    -37686.3  -942.58723  -1717.5015   -59021.93  1110.26019   54036.955    -37686.3  -942.58723
      0.826    -0.03088    -0.03089     0.01047     -39346.  -969.24402  -1758.1823   -62003.42  1149.54975   56034.575     -39346.  -969.24402
      0.828    -0.03197    -0.03198     0.01017   -40964.57  -995.96858   -1799.019   -64922.74  1188.88675    57970.98   -40964.57  -995.96858
       0.83    -0.03304    -0.03306     0.00987   -42538.66  -1022.7408  -1839.9955    -67772.1  1228.22695   59843.886   -42538.66  -1022.7408
      0.832    -0.03409    -0.03411     0.00957   -44068.58  -1049.5374  -1881.0779   -70550.33  1267.53444   61655.415   -44068.58  -1049.5374
      0.834    -0.03513    -0.03514     0.00926   -45556.97  -1076.3371  -1922.2215    -73260.7  1306.78988   63410.218   -45556.97  -1076.3371
      0.836    -0.03613    -0.03615     0.00896   -47004.17   -1103.127  -1963.3843   -75903.25  1345.99682   65109.257   -47004.17   -1103.127
      0.838    -0.03711    -0.03714     0.00866   -48408.16   -1129.908  -2004.5414   -78474.46  1385.18249   66750.026   -48408.16   -1129.908
       0.84    -0.03806     -0.0381     0.00835   -49772.58  -1156.2697  -2045.2685   -80976.16  1423.54057   68341.582   -49772.58  -1156.2697
      0.842    -0.03899    -0.03903     0.00805   -51093.76  -1182.2164  -2085.5709   -83401.71  1461.07838   69879.575   -51093.76  -1182.2164
      0.844    -0.03989    -0.03993     0.00775   -52361.17  -1208.2419  -2125.9556   -85737.07  1498.77025   71346.438   -52361.17  -1208.2419
      0.846    -0.04076     -0.0408     0.00745   -53576.78  -1234.3511  -2166.4433   -87983.35  1536.60996   72746.991   -53576.78  -1234.3511
      0.848     -0.0416    -0.04164     0.00714   -54748.27  -1260.5106  -2207.0085   -90150.22  1574.52321    74094.58   -54748.27  -1260.5106
       0.85    -0.04241    -0.04245     0.00684   -55558.75    -1213.36  -2099.3764    -91544.8  1540.70367   75131.456   -55558.75    -1213.36
      0.852    -0.04318    -0.04323     0.00653   -56155.55  -1126.0749  -1910.6853   -92482.92  1467.53951   75983.739   -56155.55  -1126.0749
      0.854    -0.04392    -0.04398     0.00623    -56731.6  -1042.6888  -1730.0141   -93381.16  1398.05239   76813.631    -56731.6  -1042.6888
      0.856    -0.04462    -0.04469     0.00593   -57285.88  -963.38682  -1557.7447   -94237.63  1332.41574   77620.018   -57285.88  -963.38682
      0.858     -0.0453    -0.04536     0.00563   -57818.56  -888.41613  -1394.1055    -95051.2  1271.14286   78404.496   -57818.56  -888.41613
       0.86    -0.04594      -0.046     0.00533   -58329.23    -817.981  -1239.2658   -95821.01  1214.67716   79166.681   -58329.23    -817.981
      0.862    -0.04654     -0.0466     0.00503   -58813.33  -752.05259  -1093.5399   -96545.52  1162.61788   79894.478   -58813.33  -752.05259
      0.864     -0.0471    -0.04717     0.00473   -59270.55   -690.6324  -956.86391   -97225.03  1115.03328   80586.615   -59270.55   -690.6324
      0.866    -0.04763     -0.0477     0.00443   -59699.16  -633.97413  -829.72623   -97857.12  1072.19616   81240.345   -59699.16  -633.97413
      0.868    -0.04811    -0.04819     0.00414   -60095.42  -582.54068  -713.09016     -98437.  1034.53187   81849.249   -60095.42  -582.54068
       0.87    -0.04856    -0.04864     0.00384   -60451.98  -533.42679  -601.21244   -98941.34   999.06791   82414.601   -60451.98  -533.42679
      0.872    -0.04897    -0.04905     0.00355   -60791.17  -488.31847  -498.41785   -99406.59   966.53756   82966.927   -60791.17  -488.31847
      0.874    -0.04935    -0.04942     0.00326    -61108.8  -448.99861  -407.31729   -99833.82   939.67853   83492.574    -61108.8  -448.99861
      0.876    -0.04968    -0.04975     0.00297   -61404.35  -415.54621    -328.199  -100223.81   918.43962   83989.229   -61404.35  -415.54621
      0.878    -0.04996    -0.05004     0.00269   -61671.38  -387.13697  -259.41439  -100565.79   901.99652   84448.344   -61671.38  -387.13697
       0.88    -0.05021    -0.05029     0.00241   -61904.56  -364.01412  -201.41046  -100854.17   890.63191   84859.503   -61904.56  -364.01412
      0.882    -0.05041     -0.0505     0.00213   -62097.16  -346.85613  -155.47949  -101082.52    885.0889   85208.946   -62097.16  -346.85613
      0.884    -0.05058    -0.05066     0.00185   -62089.31  -346.35444  -143.18054  -101143.67   895.88279   85124.258   -62089.31  -346.35444
      0.886     -0.0507    -0.05079     0.00157   -62005.62  -354.26564  -147.79275  -101120.74   915.00416   84896.116   -62005.62  -354.26564
      0.888    -0.05078    -0.05086      0.0013   -61890.33  -367.50654  -163.09432  -101044.66    939.4253   84626.337   -61890.33  -367.50654
       0.89    -0.05082     -0.0509     0.00103   -61744.51   -385.9371  -188.86683  -100916.53   968.94446   84317.005   -61744.51   -385.9371
      0.892    -0.05081     -0.0509   7.613E-04   -61565.59  -408.84702  -223.79889  -100729.08  1002.74217   83967.683   -61565.59  -408.84702
      0.894    -0.05075    -0.05085   4.973E-04   -61331.57   -432.0411  -259.50617  -100437.61  1036.61711   83557.085   -61331.57   -432.0411
      0.896    -0.05066    -0.05076   2.374E-04   -61047.14   -454.8049  -294.59043  -100042.39  1069.82426   83099.016   -61047.14   -454.8049
      0.898    -0.05052    -0.05062  -1.847E-05   -60719.11   -477.1397  -329.05595   -99549.64  1102.36314   82607.695   -60719.11   -477.1397
        0.9    -0.05034    -0.05043  -2.707E-04    -60341.2  -499.09883  -362.97233   -98953.98  1134.32417   82069.621    -60341.2  -499.09883
      0.902    -0.05012    -0.05021  -5.197E-04   -59913.86  -520.76317  -396.43989   -98258.31  1165.84963   81483.271   -59913.86  -520.76317
      0.904    -0.04984    -0.04994  -7.657E-04   -59435.92  -542.20824   -429.5467   -97462.16  1197.07803   80845.601   -59435.92  -542.20824
      0.906    -0.04952    -0.04963    -0.00101   -58883.69  -563.47187  -462.32776   -96539.43  1228.08783   80111.639   -58883.69  -563.47187
      0.908    -0.04916    -0.04927    -0.00125   -58290.69  -584.53834  -494.74829   -95521.45  1258.86672   79350.625   -58290.69  -584.53834
       0.91    -0.04876    -0.04886    -0.00148    -57624.6  -605.34447  -526.71557    -94376.5  1289.31784   78497.301    -57624.6  -605.34447
      0.912    -0.04832    -0.04842    -0.00171   -56876.75  -625.80055  -558.11058    -93097.7  1319.29107    77532.55   -56876.75  -625.80055
      0.914    -0.04783    -0.04792    -0.00194   -56051.47  -645.82061  -588.82903   -91690.58   1348.6328   76463.842   -56051.47  -645.82061
      0.916    -0.04729    -0.04739    -0.00216   -55152.92  -665.35085  -618.81604   -90160.46  1377.23652   75298.309   -55152.92  -665.35085
      0.918    -0.04671    -0.04682    -0.00238   -54182.77   -684.3841  -648.07932   -88509.39  1405.07297   74038.931   -54182.77   -684.3841
       0.92    -0.04609     -0.0462    -0.00259    -53137.7   -702.9546  -676.67517   -86732.26  1432.18863   72680.849    -53137.7   -702.9546
      0.922    -0.04543    -0.04554     -0.0028   -52013.07  -721.11811  -704.67658   -84822.64  1458.67774   71216.579   -52013.07  -721.11811
      0.924    -0.04473    -0.04483      -0.003   -50808.88  -738.92707  -732.13976   -82781.92  1484.64145   69644.715   -50808.88  -738.92707
      0.926    -0.04399    -0.04408     -0.0032   -49528.47  -756.40935  -759.07844   -80616.89   1510.1496   67968.501   -49528.47  -756.40935
      0.928    -0.04321     -0.0433    -0.00339   -48173.56  -773.55897  -785.45916   -78331.18  1535.21776   66189.512   -48173.56  -773.55897
       0.93    -0.04238    -0.04248    -0.00358   -46744.17  -790.34291  -811.21898   -75924.82  1559.80975   64307.679   -46744.17  -790.34291
      0.932    -0.04151    -0.04161    -0.00377   -45241.19  -806.71564  -836.29151   -73398.59  1583.85542   62324.977   -45241.19  -806.71564
      0.934     -0.0406    -0.04071    -0.00394   -43666.31  -822.63557  -860.63064   -70753.71  1607.27606   60245.235   -43666.31  -822.63557
      0.936    -0.03967    -0.03977    -0.00412   -42022.24  -838.07714  -884.22329   -67992.43  1630.00813    58074.29   -42022.24  -838.07714
      0.938    -0.03869    -0.03879    -0.00428   -40315.58  -853.03472  -907.08689   -65123.23  1652.01728   55823.495   -40315.58  -853.03472
       0.94    -0.03768    -0.03777    -0.00444   -38555.63   -867.5175  -929.25304    -62159.4  1673.29945   53507.499   -38555.63   -867.5175
      0.942    -0.03663    -0.03672     -0.0046   -36747.67  -881.53962  -950.74664   -59108.35  1693.87224   51134.674   -36747.67  -881.53962
      0.944    -0.03554    -0.03564    -0.00475   -34890.73   -895.1129  -971.57343   -55968.09  1713.76527     48704.1   -34890.73   -895.1129
      0.946    -0.03442    -0.03452     -0.0049   -32982.66  -908.23993  -991.71353    -52735.6  1733.00627   46212.393   -32982.66  -908.23993
      0.948    -0.03327    -0.03337    -0.00505  -31023.879  -920.91765  -1011.1343   -49412.46  1751.61868   43659.174  -31023.879  -920.91765
       0.95     -0.0321    -0.03219    -0.00518  -29016.368  -933.14588  -1029.8118   -46002.68  1769.62583   41046.425  -29016.368  -933.14588
      0.952    -0.03089    -0.03097    -0.00531  -26963.897  -944.93282  -1047.7466    -42512.5  1787.05189   38379.195  -26963.897  -944.93282
      0.954    -0.02965    -0.02973    -0.00543   -24872.69  -956.29312  -1064.9637   -38951.37  1803.91562   35666.698   -24872.69  -956.29312
      0.956    -0.02838    -0.02847    -0.00555  -22747.919  -967.23977  -1081.4997   -35326.25  1820.21958   32917.508  -22747.919  -967.23977
      0.958    -0.02708    -0.02717    -0.00567  -20590.988  -977.77407  -1097.3816   -31637.38  1835.94064  30135.5875  -20590.988  -977.77407
       0.96    -0.02577    -0.02585    -0.00577  -18403.644  -987.87887  -1112.6091   -27885.56  1851.02754  27325.3716  -18403.644  -987.87887
      0.962    -0.02443    -0.02451    -0.00588   -16191.87  -997.52012  -1127.1488   -24079.12  1865.41153  24496.4893   -16191.87  -997.52012
      0.964    -0.02307    -0.02314    -0.00597  -13962.562  -1006.6591   -1140.947   -20228.75  1879.03023  21658.9378  -13962.562  -1006.6591
      0.966    -0.02168    -0.02175    -0.00607  -11718.821   -1015.266  -1153.9481  -16340.177  1891.84993  18816.2842  -11718.821   -1015.266
      0.968    -0.02028    -0.02035    -0.00615     -9460.8  -1023.3368  -1166.1232   -12415.51  1903.88708  15966.8889     -9460.8  -1023.3368
       0.97    -0.01885    -0.01892    -0.00623   -7186.903  -1030.9024  -1177.4918   -8454.609  1915.21542  13106.1005   -7186.903  -1030.9024
      0.972    -0.01741    -0.01748    -0.00631     -4893.3  -1038.0232  -1188.1215   -4453.448  1925.94826  10226.4515     -4893.3  -1038.0232
      0.974    -0.01596    -0.01602    -0.00638  -2577.5769  -1044.7674  -1198.1034  -409.42599  1936.19881  7323.30458  -2577.5769  -1044.7674
      0.976    -0.01449    -0.01455    -0.00644  -243.96233  -1051.1829  -1207.5142  3670.25216  1946.03438  4402.13915  -243.96233  -1051.1829
      0.978    -0.01301    -0.01307     -0.0065  2099.20782  -1057.2763  -1216.3828  7772.46512  1955.44594  1474.84166  2099.20782  -1057.2763
       0.98    -0.01152    -0.01157    -0.00655  4446.64714  -1063.0077  -1224.6765  11889.3395   1964.3467  -1450.6019  4446.64714  -1063.0077
      0.982    -0.01002    -0.01007     -0.0066  6797.20045  -1068.3049  -1232.3131  16019.3962  1972.60151   -4372.205  6797.20045  -1068.3049
      0.984    -0.00851    -0.00856    -0.00665  9150.39085  -1073.0915  -1239.1964  20161.5707  1980.07808   -7289.602  9150.39085  -1073.0915
      0.986    -0.00699    -0.00705    -0.00668  11506.3225  -1077.3153  -1245.2517  24314.8792  1986.69437  -10204.088  11506.3225  -1077.3153
      0.988    -0.00548    -0.00552    -0.00672  13865.6711  -1080.9714  -1250.4602  28478.5421    1992.454  -13118.471  13865.6711  -1080.9714
       0.99    -0.00396      -0.004    -0.00674   16226.804    -1084.11  -1254.8755   32647.457  1997.45453  -16032.955   16226.804    -1084.11
      0.992    -0.00244    -0.00248    -0.00677  18586.4942  -1086.8235  -1258.6105   36813.616  2001.85997  -18945.866  18586.4942  -1086.8235
      0.994  -9.204E-04  -9.538E-04    -0.00678   20945.311  -1089.2136  -1261.7972   40975.335  2005.84349  -21860.598   20945.311  -1089.2136
      0.996   6.009E-04   5.651E-04     -0.0068  23307.7972  -1091.3531  -1264.5357   45137.959  2009.52364  -24785.433  23307.7972  -1091.3531
      0.998     0.00212     0.00208     -0.0068  25675.8824  -1093.2584  -1266.8559   49303.401  2012.91927  -27724.246  25675.8824  -1093.2584
         1.     0.00362     0.00359    -0.00681  28045.8774  -1094.8842  -1268.7086   53465.466  2015.94381  -30672.166  28045.8774  -1094.8842
