 
 SAP2000 v24.1.0 File: 3D-2SIDE-DYNAMIC-INELASTIC  N, m, C Units  PAGE 1
 m/d/yy h:mm:ss
 
 T I M E   H I S T O R Y   D A T A 
 
 CASE  dynamic-inelastic-0.002
 FUNCTION  disp-1-x:  Joint 1  Displacement  UX    
 
       TIME    FUNCTION
               disp-1-x
         0.          0.
      0.002          0.
      0.004   2.253E-06
      0.006   6.100E-06
      0.008   1.168E-05
       0.01   1.848E-05
      0.012   2.649E-05
      0.014   3.645E-05
      0.016   4.964E-05
      0.018   6.728E-05
       0.02   8.999E-05
      0.022   1.175E-04
      0.024   1.492E-04
      0.026   1.847E-04
      0.028   2.250E-04
       0.03   2.716E-04
      0.032   3.256E-04
      0.034   3.872E-04
      0.036   4.560E-04
      0.038   5.313E-04
       0.04   6.131E-04
      0.042   7.023E-04
      0.044   8.008E-04
      0.046   9.098E-04
      0.048     0.00103
       0.05     0.00116
      0.052      0.0013
      0.054     0.00145
      0.056      0.0016
      0.058     0.00178
       0.06     0.00196
      0.062     0.00216
      0.064     0.00237
      0.066     0.00259
      0.068     0.00282
       0.07     0.00306
      0.072     0.00331
      0.074     0.00358
      0.076     0.00386
      0.078     0.00415
       0.08     0.00444
      0.082     0.00474
      0.084     0.00506
      0.086     0.00538
      0.088     0.00572
       0.09     0.00608
      0.092     0.00643
      0.094      0.0068
      0.096     0.00717
      0.098     0.00755
        0.1     0.00795
      0.102     0.00836
      0.104     0.00878
      0.106      0.0092
      0.108     0.00963
       0.11     0.01006
      0.112     0.01051
      0.114     0.01097
      0.116     0.01144
      0.118     0.01191
       0.12     0.01239
      0.122     0.01287
      0.124     0.01335
      0.126     0.01384
      0.128     0.01434
       0.13     0.01484
      0.132     0.01534
      0.134     0.01584
      0.136     0.01634
      0.138     0.01684
       0.14     0.01734
      0.142     0.01785
      0.144     0.01836
      0.146     0.01886
      0.148     0.01936
       0.15     0.01985
      0.152     0.02034
      0.154     0.02083
      0.156     0.02132
      0.158     0.02181
       0.16     0.02229
      0.162     0.02277
      0.164     0.02323
      0.166     0.02369
      0.168     0.02415
       0.17      0.0246
      0.172     0.02505
      0.174     0.02549
      0.176     0.02592
      0.178     0.02633
       0.18     0.02673
      0.182     0.02713
      0.184     0.02752
      0.186      0.0279
      0.188     0.02826
       0.19     0.02861
      0.192     0.02895
      0.194     0.02927
      0.196     0.02958
      0.198     0.02988
        0.2     0.03017
      0.202     0.03044
      0.204     0.03069
      0.206     0.03093
      0.208     0.03115
       0.21     0.03136
      0.212     0.03156
      0.214     0.03174
      0.216     0.03191
      0.218     0.03206
       0.22     0.03218
      0.222     0.03229
      0.224     0.03239
      0.226     0.03248
      0.228     0.03254
       0.23     0.03259
      0.232     0.03262
      0.234     0.03262
      0.236     0.03261
      0.238     0.03258
       0.24     0.03253
      0.242     0.03247
      0.244     0.03238
      0.246     0.03227
      0.248     0.03213
       0.25     0.03197
      0.252     0.03179
      0.254      0.0316
      0.256     0.03138
      0.258     0.03113
       0.26     0.03086
      0.262     0.03056
      0.264     0.03024
      0.266     0.02991
      0.268     0.02955
       0.27     0.02917
      0.272     0.02876
      0.274     0.02832
      0.276     0.02785
      0.278     0.02737
       0.28     0.02687
      0.282     0.02635
      0.284      0.0258
      0.286     0.02523
      0.288     0.02464
       0.29     0.02402
      0.292     0.02338
      0.294     0.02273
      0.296     0.02206
      0.298     0.02137
        0.3     0.02066
      0.302     0.01993
      0.304     0.01918
      0.306     0.01841
      0.308     0.01763
       0.31     0.01683
      0.312     0.01602
      0.314     0.01519
      0.316     0.01434
      0.318     0.01347
       0.32     0.01258
      0.322     0.01169
      0.324     0.01078
      0.326     0.00986
      0.328     0.00892
       0.33     0.00797
      0.332     0.00701
      0.334     0.00603
      0.336     0.00505
      0.338     0.00407
       0.34     0.00308
      0.342     0.00208
      0.344     0.00108
      0.346   6.367E-05
      0.348  -9.552E-04
       0.35    -0.00197
      0.352    -0.00298
      0.354      -0.004
      0.356    -0.00501
      0.358    -0.00603
       0.36    -0.00706
      0.362    -0.00809
      0.364    -0.00911
      0.366    -0.01012
      0.368    -0.01112
       0.37    -0.01213
      0.372    -0.01314
      0.374    -0.01415
      0.376    -0.01515
      0.378    -0.01614
       0.38    -0.01712
      0.382    -0.01809
      0.384    -0.01905
      0.386    -0.02001
      0.388    -0.02096
       0.39     -0.0219
      0.392    -0.02282
      0.394    -0.02372
      0.396    -0.02461
      0.398    -0.02548
        0.4    -0.02633
      0.402    -0.02717
      0.404      -0.028
      0.406     -0.0288
      0.408    -0.02957
       0.41    -0.03033
      0.412    -0.03107
      0.414    -0.03179
      0.416     -0.0325
      0.418    -0.03318
       0.42    -0.03385
      0.422    -0.03449
      0.424    -0.03511
      0.426    -0.03571
      0.428     -0.0363
       0.43    -0.03687
      0.432    -0.03743
      0.434    -0.03796
      0.436    -0.03846
      0.438    -0.03895
       0.44    -0.03942
      0.442    -0.03987
      0.444    -0.04031
      0.446    -0.04072
      0.448    -0.04112
       0.45    -0.04148
      0.452    -0.04183
      0.454    -0.04216
      0.456    -0.04247
      0.458    -0.04276
       0.46    -0.04303
      0.462    -0.04328
      0.464     -0.0435
      0.466     -0.0437
      0.468    -0.04387
       0.47    -0.04403
      0.472    -0.04417
      0.474    -0.04428
      0.476    -0.04437
      0.478    -0.04443
       0.48    -0.04446
      0.482    -0.04447
      0.484    -0.04446
      0.486    -0.04444
      0.488    -0.04438
       0.49     -0.0443
      0.492     -0.0442
      0.494    -0.04407
      0.496    -0.04392
      0.498    -0.04375
        0.5    -0.04357
      0.502    -0.04337
      0.504    -0.04314
      0.506    -0.04288
      0.508     -0.0426
       0.51    -0.04231
      0.512      -0.042
      0.514    -0.04168
      0.516    -0.04133
      0.518    -0.04095
       0.52    -0.04055
      0.522    -0.04013
      0.524    -0.03969
      0.526    -0.03923
      0.528    -0.03876
       0.53    -0.03827
      0.532    -0.03775
      0.534     -0.0372
      0.536    -0.03663
      0.538    -0.03605
       0.54    -0.03546
      0.542    -0.03486
      0.544    -0.03423
      0.546    -0.03358
      0.548     -0.0329
       0.55    -0.03221
      0.552    -0.03151
      0.554     -0.0308
      0.556    -0.03008
      0.558    -0.02934
       0.56    -0.02858
      0.562     -0.0278
      0.564      -0.027
      0.566     -0.0262
      0.568     -0.0254
       0.57    -0.02458
      0.572    -0.02375
      0.574     -0.0229
      0.576    -0.02204
      0.578    -0.02116
       0.58    -0.02028
      0.582     -0.0194
      0.584    -0.01851
      0.586    -0.01761
      0.588     -0.0167
       0.59    -0.01577
      0.592    -0.01484
      0.594    -0.01391
      0.596    -0.01298
      0.598    -0.01205
        0.6    -0.01111
      0.602    -0.01016
      0.604     -0.0092
      0.606    -0.00824
      0.608    -0.00729
       0.61    -0.00635
      0.612     -0.0054
      0.614    -0.00445
      0.616    -0.00349
      0.618    -0.00254
       0.62    -0.00159
      0.622  -6.503E-04
      0.624   2.770E-04
      0.626      0.0012
      0.628     0.00213
       0.63     0.00305
      0.632     0.00397
      0.634     0.00487
      0.636     0.00575
      0.638     0.00661
       0.64     0.00747
      0.642     0.00833
      0.644     0.00917
      0.646     0.00999
      0.648     0.01078
       0.65     0.01155
      0.652      0.0123
      0.654     0.01305
      0.656     0.01377
      0.658     0.01447
       0.66     0.01514
      0.662     0.01578
      0.664     0.01639
      0.666     0.01698
      0.668     0.01755
       0.67     0.01809
      0.672      0.0186
      0.674     0.01907
      0.676     0.01951
      0.678     0.01991
       0.68     0.02029
      0.682     0.02064
      0.684     0.02096
      0.686     0.02124
      0.688     0.02148
       0.69     0.02167
      0.692     0.02184
      0.694     0.02198
      0.696     0.02209
      0.698     0.02215
        0.7     0.02217
      0.702     0.02215
      0.704     0.02209
      0.706       0.022
      0.708     0.02188
       0.71     0.02173
      0.712     0.02152
      0.714     0.02128
      0.716     0.02099
      0.718     0.02067
       0.72     0.02032
      0.722     0.01994
      0.724     0.01953
      0.726     0.01907
      0.728     0.01857
       0.73     0.01804
      0.732     0.01748
      0.734      0.0169
      0.736     0.01629
      0.738     0.01565
       0.74     0.01498
      0.742     0.01427
      0.744     0.01354
      0.746     0.01279
      0.748     0.01201
       0.75     0.01121
      0.752     0.01038
      0.754     0.00953
      0.756     0.00864
      0.758     0.00773
       0.76     0.00681
      0.762     0.00586
      0.764     0.00488
      0.766     0.00388
      0.768     0.00286
       0.77     0.00181
      0.772   7.508E-04
      0.774  -3.282E-04
      0.776    -0.00142
      0.778    -0.00254
       0.78    -0.00367
      0.782    -0.00482
      0.784    -0.00598
      0.786    -0.00715
      0.788    -0.00832
       0.79    -0.00951
      0.792    -0.01071
      0.794    -0.01192
      0.796    -0.01313
      0.798    -0.01434
        0.8    -0.01556
      0.802    -0.01677
      0.804    -0.01798
      0.806     -0.0192
      0.808    -0.02041
       0.81    -0.02161
      0.812    -0.02281
      0.814    -0.02399
      0.816    -0.02517
      0.818    -0.02634
       0.82     -0.0275
      0.822    -0.02864
      0.824    -0.02977
      0.826    -0.03088
      0.828    -0.03197
       0.83    -0.03304
      0.832    -0.03409
      0.834    -0.03513
      0.836    -0.03613
      0.838    -0.03711
       0.84    -0.03806
      0.842    -0.03899
      0.844    -0.03989
      0.846    -0.04076
      0.848     -0.0416
       0.85    -0.04241
      0.852    -0.04318
      0.854    -0.04392
      0.856    -0.04462
      0.858     -0.0453
       0.86    -0.04594
      0.862    -0.04654
      0.864     -0.0471
      0.866    -0.04763
      0.868    -0.04811
       0.87    -0.04856
      0.872    -0.04897
      0.874    -0.04935
      0.876    -0.04968
      0.878    -0.04996
       0.88    -0.05021
      0.882    -0.05041
      0.884    -0.05058
      0.886     -0.0507
      0.888    -0.05078
       0.89    -0.05082
      0.892    -0.05081
      0.894    -0.05075
      0.896    -0.05066
      0.898    -0.05052
        0.9    -0.05034
      0.902    -0.05012
      0.904    -0.04984
      0.906    -0.04952
      0.908    -0.04916
       0.91    -0.04876
      0.912    -0.04832
      0.914    -0.04783
      0.916    -0.04729
      0.918    -0.04671
       0.92    -0.04609
      0.922    -0.04543
      0.924    -0.04473
      0.926    -0.04399
      0.928    -0.04321
       0.93    -0.04238
      0.932    -0.04151
      0.934     -0.0406
      0.936    -0.03967
      0.938    -0.03869
       0.94    -0.03768
      0.942    -0.03663
      0.944    -0.03554
      0.946    -0.03442
      0.948    -0.03327
       0.95     -0.0321
      0.952    -0.03089
      0.954    -0.02965
      0.956    -0.02838
      0.958    -0.02708
       0.96    -0.02577
      0.962    -0.02443
      0.964    -0.02307
      0.966    -0.02168
      0.968    -0.02028
       0.97    -0.01885
      0.972    -0.01741
      0.974    -0.01596
      0.976    -0.01449
      0.978    -0.01301
       0.98    -0.01152
      0.982    -0.01002
      0.984    -0.00851
      0.986    -0.00699
      0.988    -0.00548
       0.99    -0.00396
      0.992    -0.00244
      0.994  -9.204E-04
      0.996   6.009E-04
      0.998     0.00212
         1.     0.00362
