 
 SAP2000 v24.2.0 File: SIMPLE-BEAM-DYNAMIC-INELASTIC-1PHASE-LL0.67  N, m, C Units  PAGE 1
 m/d/yy h:mm:ss
 
 T I M E   H I S T O R Y   D A T A 
 
 CASE  Nonlinear - 0.002
 FUNCTION  disp-1-z:  Joint 6  Displacement  UZ    
 FUNCTION  moment-0-0:  Frame 4  Station 1  Moment 3-3    
 FUNCTION  moment-0-1:  Frame 4  Station 5  Moment 3-3    
 FUNCTION  moment-1-1:  Frame 5  Station 3  Moment 3-3    
 
       TIME    FUNCTION    FUNCTION    FUNCTION    FUNCTION
               disp-1-z  moment-0-0  moment-0-1  moment-1-1
         0.          0.          0.          0.          0.
      0.002  -1.420E-06   -17.04131    22.72175   -34.08262
      0.004  -8.432E-06  -101.18891   134.91855  -202.37782
      0.006  -2.631E-05  -315.71721   420.95628  -631.43443
      0.008  -5.976E-05  -717.13016   956.17354  -1434.2603
       0.01  -1.127E-04  -1352.9054  1803.87387  -2705.8108
      0.012  -1.883E-04  -2259.6651  3012.88682    -4519.33
      0.014  -2.885E-04   -3461.842  4615.78956   -6923.684
      0.016  -4.142E-04   -4970.889  6627.85137   -9941.777
      0.018  -5.654E-04   -6785.048  9046.73108  -13570.097
       0.02  -7.408E-04   -8889.694  11852.9255  -17779.388
      0.022  -9.380E-04  -11256.533  15008.7107  -22513.066
      0.024    -0.00115  -13843.406  18457.8752  -27686.813
      0.026    -0.00138  -16598.016  22130.6885   -33196.03
      0.028    -0.00162  -19462.007  25949.3431   -38924.01
       0.03    -0.00186  -22373.555  29831.4063   -44747.11
      0.032    -0.00211  -25270.049   33693.398    -50540.1
      0.034    -0.00234  -28090.759   37454.345   -56181.52
      0.036    -0.00256  -30779.364   41039.152   -61558.73
      0.038    -0.00277   -33286.25   44381.668    -66572.5
       0.04    -0.00296   -35570.47   47427.299   -71140.95
      0.042    -0.00313   -37608.93   50145.237   -75217.86
      0.044    -0.00328   -39404.57   52539.427   -78809.14
      0.046    -0.00341   -40978.18   54637.572   -81956.36
      0.048    -0.00353   -42359.51   56479.348   -84719.02
       0.05    -0.00363   -43585.87   58114.488   -87171.73
      0.052    -0.00373   -44700.36   59600.479   -89400.72
      0.054    -0.00381   -45749.98   60999.977   -91499.96
      0.056     -0.0039   -46783.54   62378.053   -93567.08
      0.058    -0.00399   -47849.54   63799.393   -95699.09
       0.06    -0.00408   -48827.24   64987.579     -96000.
      0.062    -0.00419   -49831.94   66149.112     -96000.
      0.064     -0.0043   -50949.09   67462.136     -96000.
      0.066    -0.00443   -52105.97   68806.287     -96000.
      0.068    -0.00455   -53302.89   70207.531     -96000.
       0.07    -0.00467   -54486.83   71585.155     -96000.
      0.072    -0.00479   -55644.89   72938.017   -96000.01
      0.074    -0.00491   -56736.24   74208.268   -96000.01
      0.076    -0.00501   -57743.12   75382.767   -96000.01
      0.078    -0.00511   -58634.03   76419.217   -96000.01
       0.08    -0.00519   -59391.51   77301.419   -96000.01
      0.082    -0.00525   -60005.36   78014.803   -96000.01
      0.084     -0.0053   -60499.54   78590.062   -96000.01
      0.086    -0.00534   -60907.14   79064.175   -96000.01
      0.088    -0.00538   -61265.35   79481.755   -96000.01
       0.09    -0.00542   -61609.03   79882.562   -96000.01
      0.092    -0.00545   -61974.36   80309.454   -96000.01
      0.094     -0.0055   -62395.09   80801.309   -96000.01
      0.096    -0.00555   -62904.32   81397.075   -96000.01
      0.098    -0.00562   -63532.27   82131.692   -96000.01
        0.1     -0.0057   -64307.03   83038.097   -96000.01
      0.102    -0.00579   -65241.67   84131.033   -96000.01
      0.104    -0.00591   -66324.05    85396.01   -96000.01
      0.106    -0.00603   -67528.78   86803.278   -96000.01
      0.108    -0.00617   -68829.11   88321.674   -96000.02
       0.11    -0.00631   -70197.05   89918.474   -96000.02
      0.112    -0.00646   -71604.13   91560.506   -96000.02
      0.114     -0.0066   -73021.71   93214.337   -96000.02
      0.116    -0.00675   -74420.89   94845.632   -96000.02
      0.118    -0.00689   -75563.63      96000.   -96000.02
       0.12    -0.00703   -76103.59   96000.001   -96000.02
      0.122    -0.00715   -76611.86   96000.001   -96000.02
      0.124    -0.00727   -77079.15   96000.002   -96000.02
      0.126    -0.00737   -77493.99   96000.002   -96000.02
      0.128    -0.00746   -77845.19   96000.002   -96000.02
       0.13    -0.00753   -78121.92   96000.003   -96000.02
      0.132    -0.00758   -78313.66   96000.003   -96000.02
      0.134     -0.0076   -78410.27   96000.003   -96000.02
      0.136     -0.0076    -78388.7    95973.23   -95944.92
      0.138    -0.00757     -78024.   95485.849   -95222.22
       0.14    -0.00751   -77308.48   94530.693   -93797.94
      0.142    -0.00742   -76260.69   93134.081   -91699.69
      0.144    -0.00731   -74934.03    91364.86   -89048.44
      0.146    -0.00719    -73411.6   89335.217   -86001.97
      0.148    -0.00705   -71779.46   87158.822   -82738.94
       0.15    -0.00691   -70129.44   84958.965   -79437.94
      0.152    -0.00678   -68550.13   82853.085   -76280.06
      0.154    -0.00666   -67127.04    80955.73    -73433.3
      0.156    -0.00656   -65936.07   79367.703   -71051.82
      0.158    -0.00649   -65042.84   78176.781     -69265.
       0.16    -0.00644   -64498.24   77450.605   -68176.08
      0.162    -0.00643   -64323.35   77217.449   -67826.08
      0.164    -0.00644   -64493.28      77444.   -68166.11
      0.166    -0.00648   -64954.74   78059.303   -69088.91
      0.168    -0.00654   -65642.86   78976.785   -70465.25
       0.17    -0.00661   -66484.71   80099.259   -72148.87
      0.172    -0.00669   -67402.11   81322.447   -73983.72
      0.174    -0.00676   -68315.38   82540.148   -75810.22
      0.176    -0.00683   -69146.49   83648.293   -77472.48
      0.178    -0.00689   -69822.52   84549.672   -78824.51
       0.18    -0.00692   -70278.49   85157.625   -79736.47
      0.182    -0.00694   -70467.17   85409.195   -80113.81
      0.184    -0.00693   -70367.74   85276.621   -79914.96
      0.186     -0.0069   -69979.12   84758.472   -79137.72
      0.188    -0.00684   -69312.48   83869.614   -77804.45
       0.19    -0.00677   -68390.52   82640.329   -75960.51
      0.192    -0.00667   -67246.28   81114.676   -73672.04
      0.194    -0.00656   -65921.57   79348.395   -71022.61
      0.196    -0.00644   -64464.98   77406.283   -68109.45
      0.198    -0.00631   -62929.75     75359.3   -65038.97
        0.2    -0.00618   -61371.34   73281.428   -61922.16
      0.202    -0.00606   -59846.69   71248.558   -58872.86
      0.204    -0.00594   -58413.25   69337.304   -56005.98
      0.206    -0.00583   -57125.03   67619.682   -53429.54
      0.208    -0.00574   -56028.84   66158.089   -51237.16
       0.21    -0.00567   -55162.41   65002.854    -49504.3
      0.212    -0.00561   -54553.03   64190.349   -48285.55
      0.214    -0.00559   -54216.57   63741.727   -47612.61
      0.216    -0.00558   -54157.02   63662.326   -47493.51
      0.218     -0.0056   -54366.59   63941.764   -47912.67
       0.22    -0.00564   -54826.28   64554.685   -48832.05
      0.222    -0.00569    -55493.1   65443.779   -50165.69
      0.224    -0.00576   -56288.64   66504.494   -51756.76
      0.226    -0.00583   -57116.83   67608.746   -53413.14
      0.228    -0.00589   -57882.13   68629.146   -54943.74
       0.23    -0.00594   -58493.56   69444.385    -56166.6
      0.232    -0.00597   -58868.45   69944.234   -56916.37
      0.234    -0.00598   -58935.77   70033.994   -57051.01
      0.236    -0.00595   -58638.92   69638.193   -56457.31
      0.238     -0.0059   -57937.82   68703.393   -55055.11
       0.24     -0.0058   -56810.28   67200.019   -52800.05
      0.242    -0.00567    -55248.9   65118.178   -49677.29
      0.244    -0.00551   -53257.33   62462.741   -45694.13
      0.246    -0.00531   -50853.62   59257.794   -40886.71
      0.248    -0.00507   -48072.91   55550.189    -35325.3
       0.25    -0.00482    -44965.6   51407.109  -29110.685
      0.252    -0.00453   -41594.89   46912.827  -22369.262
      0.254    -0.00424   -38033.87     42164.8  -15247.222
      0.256    -0.00393   -34362.23   37269.284   -7903.948
      0.258    -0.00362   -30662.77   32336.666  -505.02091
       0.26    -0.00332  -27017.805  27476.7125  6784.90945
      0.262    -0.00303  -23511.702   22801.908  13797.1162
      0.264    -0.00275  -20233.231  18430.6129  20354.0589
      0.266    -0.00251  -17265.749  14473.9706  26289.0224
      0.268    -0.00229  -14677.805  11023.3794  31464.9092
       0.27    -0.00211  -12520.535   8147.0183   35779.451
      0.272    -0.00197  -10825.839  5887.42368   39168.843
      0.274    -0.00187    -9605.42  4260.19862    41609.68
      0.276    -0.00181   -8850.686  3253.88732   43119.147
      0.278    -0.00178   -8533.518  2830.99649   43753.484
       0.28    -0.00179   -8607.844  2930.09791   43604.831
      0.282    -0.00182    -9024.57  3485.73261   42771.379
      0.284    -0.00188   -9746.339  4448.09066   41327.842
      0.286    -0.00196  -10736.253  5767.97674   39348.013
      0.288    -0.00206  -11946.807  7382.04809   36926.906
       0.29    -0.00218  -13322.102  9215.77453   34176.316
      0.292     -0.0023  -14800.381  11186.8131  31219.7586
      0.294    -0.00243  -16316.756  13208.6462  28187.0089
      0.296    -0.00255  -17806.014  15194.3241  25208.4922
      0.298    -0.00267  -19205.384  17060.1514  22409.7512
        0.3    -0.00277  -20457.143   18729.163  19906.2338
      0.302    -0.00286  -21488.415  20104.1928  17843.6891
      0.304    -0.00292  -22192.019  21042.3314  16436.4811
      0.306    -0.00294   -22454.22  21391.9322    15912.08
      0.308    -0.00292   -22182.21  21029.2522  16456.0999
       0.31    -0.00284  -21307.621  19863.1333  18205.2783
      0.312    -0.00272  -19788.929  17838.2114  21242.6612
      0.314    -0.00254  -17612.682  14936.5482   25595.156
      0.316     -0.0023  -14793.507  11177.6479  31233.5065
      0.318    -0.00202  -11372.938  6616.88884   38074.645
       0.32    -0.00169   -7417.123  1342.46942   45986.274
      0.322    -0.00132  -3047.4971   -4483.698   54725.526
      0.324  -9.408E-04  1531.49763  -10589.025   63883.515
      0.326  -5.620E-04   6076.6619  -16649.244   72973.844
      0.328  -2.058E-04  10351.0525  -22348.431   81522.625
       0.33   1.094E-04  14133.8809  -27392.202   89088.282
      0.332   3.674E-04  17229.5321  -31519.737   95279.584
      0.334   5.555E-04  19157.5127   -33870.64   96000.001
      0.336   6.662E-04  20167.8023    -35006.2   96000.002
      0.338   6.950E-04  20456.7262   -35353.55   96000.002
       0.34   6.397E-04  19777.7428     -34438.   94703.506
      0.342   5.028E-04  18146.6931   -32271.21   91393.702
      0.344   2.942E-04  15633.9346  -28914.619   86405.693
      0.346   2.868E-05  12455.5394   -24681.61   80019.795
      0.348  -2.767E-04  8785.36684  -19784.281   72702.039
       0.35  -6.037E-04  4866.02847  -14561.419   64845.832
      0.352  -9.334E-04   905.97378   -9279.078   56939.327
      0.354    -0.00125  -2857.8055   -4262.466    49401.21
      0.356    -0.00153   -6225.345   228.95259   42674.325
      0.358    -0.00176   -8998.765  3925.78682   37121.125
       0.36    -0.00193  -11023.713  6626.53956   33076.164
      0.362    -0.00202  -12174.096  8159.74511  30771.5693
      0.364    -0.00204  -12381.565  8436.86519   30359.604
      0.366    -0.00198  -11617.016  7417.08236   31886.395
      0.368    -0.00183   -9898.287  5125.74276   35325.642
       0.37    -0.00162   -7279.153  1633.33165   40562.522
      0.372    -0.00133   -3853.567  -2933.9366   47414.772
      0.374  -9.878E-04   254.71905    -8411.79   55630.507
      0.376  -6.012E-04  4893.62681  -14596.893   64908.972
      0.378  -1.846E-04  9893.12758  -21262.978    74907.47
       0.38   2.468E-04  15070.1662  -28165.631   85261.938
      0.382   6.756E-04  20215.6465   -35026.32   95552.595
      0.384     0.00108  24296.8866    -39927.1   96000.005
      0.386     0.00146  27776.1087   -43906.58   96000.008
      0.388     0.00178    30967.37   -47676.53    96000.01
       0.39     0.00205   33514.361   -50599.02   96000.012
      0.392     0.00226   35535.384   -52976.35   96000.013
      0.394      0.0024   36818.665   -54440.68   96000.014
      0.396     0.00246   37417.433   -55143.48   96000.015
      0.398     0.00244   37178.875   -54812.06   95602.989
        0.4     0.00234   35992.106   -53240.06   93167.297
      0.402     0.00216    33842.22   -50365.64   88914.936
      0.404     0.00192  30931.9558   -46491.42   83057.615
      0.406     0.00163  27442.0339   -41833.43   76106.324
      0.408     0.00131  23639.0785   -36766.52   68478.255
       0.41   9.900E-04  19747.2473  -31574.544   60711.788
      0.412   6.799E-04   16029.137  -26619.287   53262.223
      0.414   4.030E-04  12704.4202  -22184.606   46623.146
      0.416   1.771E-04  9995.33647  -18573.833   41196.941
      0.418   1.724E-05  8075.38771  -16012.862   37363.281
       0.42  -6.452E-05  7095.44463  -14707.078   35398.554
      0.422  -6.068E-05    7140.626  -14766.694   35492.673
      0.424   3.051E-05   8235.5822  -16227.121    37679.67
      0.426   2.060E-04  10341.4526  -19034.571   41893.673
      0.428   4.594E-04  13382.5332  -23089.638   47974.079
       0.43   7.810E-04  17241.0686  -28234.125   55692.512
      0.432     0.00116  21770.1611   -34273.09    64749.64
      0.434     0.00158   26795.057   -40972.82   74800.252
      0.436     0.00202   32125.363     -48080.   85460.228
      0.438     0.00247   37531.993   -55269.32   96000.015
       0.44     0.00292   41967.064   -60555.29   96000.018
      0.442     0.00336   46032.343   -65212.36   96000.021
      0.444     0.00377   50062.573   -69971.84   96000.024
      0.446     0.00415   53678.482   -74141.31   96000.027
      0.448      0.0045    57026.02   -78073.45   96000.029
       0.45      0.0048   59877.286   -81366.88   96000.032
      0.452     0.00505   62300.223   -84204.75   96000.033
      0.454     0.00525   64156.221   -86349.31   96000.035
      0.456     0.00538   65469.427   -87880.09   96000.036
      0.458     0.00546   66169.945   -88679.78   96000.036
       0.46     0.00547   66279.639   -88805.82   96000.037
      0.462     0.00542    65645.87   -87960.11   94736.599
      0.464      0.0053   64242.048   -86089.18   91923.952
      0.466     0.00512   62089.693    -83219.6   87617.931
      0.468     0.00488   59242.833   -79422.24   81933.479
       0.47      0.0046   55790.316   -74818.92   75028.234
      0.472     0.00427   51838.271   -69549.92   67121.751
      0.474     0.00391   47512.884   -63782.97   58469.626
      0.476     0.00353   42954.053   -57704.35   49353.012
      0.478     0.00314   38310.157   -51512.62   40064.406
       0.48     0.00276    33728.38   -45403.48  30901.4828
      0.482     0.00239  29379.3662   -39604.88  22202.9656
      0.484     0.00207  25474.5619   -34398.41  14393.7375
      0.486      0.0018  22230.8661  -30073.531  7906.05063
      0.488      0.0016  19832.2382  -26875.323  3109.02386
       0.49     0.00148  18423.7625  -24997.385   291.89472
      0.492     0.00145   18105.357  -24572.821  -344.77834
      0.494     0.00152  18929.1609  -25671.244   1302.7224
      0.496     0.00169  20897.7198  -28295.976  5239.92337
      0.498     0.00194  23965.2946   -32386.09  11375.0084
        0.5     0.00228  28040.4182   -37819.58  19525.3056
      0.502     0.00269   32958.346   -44376.82  29361.1226
      0.504     0.00315   38456.689   -51707.94   40357.839
      0.506     0.00363   44221.195   -59393.95   51886.827
      0.508     0.00411   49932.532   -67009.06   63309.519
       0.51     0.00455   55279.996   -74139.02   74004.434
      0.512     0.00494   59973.792   -80397.01   83394.442
      0.514     0.00526   63759.781   -85445.31   90964.544
      0.516     0.00548   66399.714   -88948.32   96000.012
      0.518      0.0056   67546.252   -90311.48   96000.013
       0.52      0.0056   67520.395   -90233.56   96000.013
      0.522     0.00549   66215.807   -88516.99   93253.533
      0.524     0.00527   63523.223    -84908.6   87978.044
      0.526     0.00494   59671.492   -79786.73   80191.931
      0.528     0.00454   54743.542   -73205.44   70400.173
       0.53     0.00406   49013.505    -65574.1   58887.856
      0.532     0.00353   42668.452   -57107.27   46238.293
      0.534     0.00297   36009.237   -48233.56     32888.4
      0.536     0.00241  29272.4443    -39247.1  19439.2318
      0.538     0.00187  22748.8029  -30552.075  6373.00039
       0.54     0.00136  16671.1423  -22446.076   -5767.616
      0.542   9.127E-04  11282.2674  -15262.812  -16556.778
      0.544   5.365E-04  6765.06346   -9238.397  -25582.329
      0.546   2.461E-04  3282.06732   -4595.548   -32555.19
      0.548   5.045E-05   933.20517  -1462.8425   -37247.58
       0.55  -4.569E-05  -219.41704    73.29724   -39556.97
      0.552  -4.192E-05  -174.94497    14.53653   -39464.81
      0.554   5.795E-05  1024.13054  -1584.6463   -37069.15
      0.556   2.461E-04  3281.64945   -4594.349   -32552.18
      0.558   5.112E-04  6462.98925   -8836.386  -26191.003
       0.56   8.388E-04  10393.7043  -14077.145  -18328.408
      0.562     0.00121  14866.2421  -20040.679   -9384.237
      0.564     0.00161  19637.1518  -26401.775   158.28438
      0.566     0.00201  24449.2674   -32818.02  9781.97105
      0.568     0.00239  29047.5432   -38948.98  18978.9454
       0.57     0.00274   33192.001   -44474.98  27267.5324
      0.572     0.00303   36665.873   -49106.77   34215.531
      0.574     0.00325   39285.637   -52599.82   39454.862
      0.576     0.00338   40907.094   -54761.74   42697.928
      0.578     0.00343   41431.479   -55460.94    43746.58
       0.58     0.00337   40808.125   -54629.78   42499.965
      0.582     0.00323   39041.143   -52273.82   38965.929
      0.584     0.00299   36192.801   -48476.02     33269.3
      0.586     0.00267   32375.013   -43385.64  25633.6807
      0.588     0.00228  27738.3825   -37203.46  16360.4538
       0.59     0.00184  22465.2391  -30172.611  5814.14108
      0.592     0.00137  16761.1597  -22567.169   -5593.997
      0.594   8.765E-04  10845.9175  -14680.182  -17424.498
      0.596   3.846E-04  4943.82187   -6810.719  -29228.677
      0.598  -8.785E-05  -725.79628   748.77031   -40567.92
        0.6  -5.239E-04   -5957.813  7724.79369   -51031.95
      0.602  -9.083E-04  -10570.921  13875.6033   -60258.17
      0.604    -0.00123   -14416.11  19002.5223   -67948.54
      0.606    -0.00148  -17381.051  22955.7774   -73878.43
      0.608    -0.00164  -19392.889  25638.2282    -77902.1
       0.61    -0.00173  -20420.522  27008.4051   -79957.37
      0.612    -0.00173  -20475.103  27081.1799   -80066.53
      0.614    -0.00166   -19608.72  25926.0022   -78333.77
      0.616    -0.00152  -17911.387  23662.8923    -74939.1
      0.618    -0.00132  -15506.481  20456.3505   -70129.29
       0.62    -0.00107  -12544.861  16507.5241   -64206.05
      0.622  -7.922E-04   -9177.889  12018.2282    -57472.1
      0.624  -4.883E-04   -5530.965  7155.66212   -50178.25
      0.626  -1.706E-04  -1718.7864  2072.75787    -42553.9
      0.628   1.509E-04  2139.23073   -3071.265   -34837.86
       0.63   4.663E-04  5924.10307   -8117.761   -27268.12
      0.632   7.662E-04  9522.30095  -12915.359  -20071.724
      0.634     0.00104  12830.4438  -17326.216  -13455.438
      0.636     0.00129  15759.4714  -21231.586   -7597.383
      0.638     0.00149  18238.1269   -24536.46   -2640.072
       0.64     0.00166  20215.6182  -27173.115  1314.91067
      0.642     0.00178  21669.1215  -29111.119  4221.91722
      0.644     0.00186   22609.953  -30365.561  6103.58032
      0.646      0.0019   23076.652  -30987.827  7036.97817
      0.648      0.0019  23127.0487  -31055.022  7137.77165
       0.65     0.00188   22835.436  -30666.205  6554.54628
      0.652     0.00183  22289.0998  -29937.757  5461.87383
      0.654     0.00177   21584.369  -28998.116   4052.4123
      0.656     0.00171  20822.3617  -27982.106  2528.39766
      0.658     0.00165  20104.6125  -27025.107  1092.89918
       0.66      0.0016  19528.7694  -26257.317   -58.78695
      0.662     0.00157  19182.8726  -25796.121  -750.58063
      0.664     0.00157  19140.1523   -25739.16  -836.02123
      0.666     0.00159  19457.8934  -26162.815  -200.53898
      0.668     0.00165  20176.9967   -27121.62  1237.66768
       0.67     0.00175  21320.5735  -28646.389  3524.82124
      0.672     0.00188  22893.3208  -30743.385  6670.31582
      0.674     0.00205  24881.6896   -33394.54  10647.0534
      0.676     0.00224    27254.82   -36558.72  15393.3143
      0.678     0.00247  29966.1882   -40173.87  20816.0506
       0.68     0.00272   32955.885   -44160.14   26795.444
      0.682     0.00299   36150.243   -48419.28    33184.16
      0.684     0.00326   39462.053   -52835.03    39807.78
      0.686     0.00354   42797.696   -57282.55   46479.065
      0.688     0.00381   46064.401   -61638.16   53012.477
       0.69     0.00407   49174.156    -65784.5   59231.986
      0.692     0.00431   52047.331    -69615.4   64978.336
      0.694     0.00452   54615.884   -73040.14   70115.442
      0.696     0.00471    56826.01   -75986.97   74535.694
      0.698     0.00486   58640.132    -78405.8   78163.939
        0.7     0.00498   60038.171   -80269.85   80960.016
      0.702     0.00506   61008.663   -81563.84   82901.001
      0.704      0.0051     61539.7   -82271.89   83963.075
      0.706     0.00511   61628.816   -82390.71   84141.306
      0.708     0.00508   61292.287   -81942.01   83468.248
       0.71     0.00502   60564.071   -80971.05   82011.816
      0.712     0.00493   59494.023   -79544.32    79871.72
      0.714     0.00482   58145.467   -77746.25   77174.607
      0.716     0.00469    56592.25   -75675.29   74068.175
      0.718     0.00455   54915.414   -73439.51   70714.503
       0.72     0.00441    53199.62   -71151.78   67282.915
      0.722     0.00426   51504.311   -68891.37   63892.296
      0.724     0.00413   49836.509   -66667.64   60556.691
      0.726     0.00399   48176.744   -64454.62   57237.162
      0.728     0.00385   46505.595   -62226.42   53894.864
       0.73     0.00371   44804.507    -59958.3   50492.689
      0.732     0.00356   43056.561   -57627.71   46996.796
      0.734     0.00341   41247.153   -55215.16   43377.981
      0.736     0.00325   39364.573   -52705.05   39612.819
      0.738     0.00309   37400.432    -50086.2   35684.539
       0.74     0.00292   35349.963   -47352.24     31583.6
      0.742     0.00274   33256.876   -44561.46  27397.4263
      0.744     0.00258  31255.2912   -41892.68  23394.2567
      0.746     0.00243  29517.5322   -39575.67  19918.7386
      0.748     0.00232  28201.3431   -37820.75  17286.3605
       0.75     0.00226  27443.5055    -36810.3  15770.6852
      0.752     0.00225  27354.4686   -36691.58  15592.6115
      0.754     0.00231  28014.2003   -37571.22  16912.0748
      0.756     0.00243  29469.4085    -39511.5  19822.4913
      0.758     0.00262   31732.227   -42528.59  24348.1277
       0.76     0.00287   34780.386   -46592.81  30444.4469
      0.762     0.00318   38533.652   -51597.16   37950.978
      0.764     0.00354   42833.179   -57329.86   46550.033
      0.766     0.00393   47474.981   -63518.93   55833.637
      0.768     0.00433    52244.64   -69878.48   65372.954
       0.77     0.00472   56926.582   -76121.07   74736.839
      0.772     0.00508   61313.222   -81969.92   83510.119
      0.774     0.00541   65213.584    -87170.4   91310.843
      0.776     0.00568   68308.273   -91191.06   96000.013
      0.778     0.00589   70328.073   -93566.18   96000.015
       0.78     0.00603   71640.703   -95067.08   96000.016
      0.782      0.0061   72320.815   -95865.06   96000.016
      0.784     0.00609   72261.795   -95771.47   95971.383
      0.786     0.00602   71341.127   -94557.59   94047.937
      0.788     0.00586   69486.595   -92073.07   90409.777
       0.79     0.00564   66813.209   -88516.84   85013.282
      0.792     0.00535   63351.701   -83895.93   78123.643
      0.794     0.00501   59249.652   -78430.49   69895.817
      0.796     0.00462   54620.217   -72254.84   60655.361
      0.798     0.00421   49639.191   -65615.85   50679.018
        0.8     0.00378   44461.238   -58710.07   40334.203
      0.802     0.00334   39268.347   -51787.65  29939.8152
      0.804     0.00292   34213.599   -45046.87   19836.998
      0.806     0.00253  29453.2172   -38700.56  10311.0505
      0.808     0.00216  25116.0792   -32917.04  1640.79733
       0.81     0.00185  21319.7552  -27855.792   -5954.973
      0.812     0.00158  18149.5037  -23628.386  -12293.053
      0.814     0.00138  15667.9227  -20319.925  -17258.095
      0.816     0.00123  13902.9587  -17966.397  -20786.564
      0.818     0.00114  12855.0105  -16569.321  -22883.593
       0.82     0.00111  12491.5625  -16084.577   -23609.61
      0.822     0.00113  12752.1212  -16432.103  -23089.174
      0.824      0.0012  13546.1096  -17490.666  -21500.668
      0.826      0.0013  14761.7197  -19111.548  -19069.859
      0.828     0.00143  16270.5926  -21123.325  -16051.794
       0.83     0.00157   17935.236  -23342.891  -12722.755
      0.832     0.00171  19613.7337  -25580.856   -9365.568
      0.834     0.00184  21166.8356  -27651.683   -6259.513
      0.836     0.00194  22463.0198  -29379.909   -3667.029
      0.838     0.00202  23384.5042   -30608.57  -1824.1495
       0.84     0.00206  23831.4896  -31204.539  -930.10921
      0.842     0.00205  23726.3862   -31064.41  -1140.3701
      0.844     0.00199  23016.3742   -30117.72  -2560.3521
      0.846     0.00188  21675.3649  -28329.714   -5242.403
      0.848     0.00171  19704.4046  -25701.762   -9184.299
       0.85      0.0015  17131.2229  -22270.857  -14330.682
      0.852     0.00124  14008.4292  -18107.129  -20576.254
      0.854   9.389E-04  10410.8722  -13310.388   -27771.38
      0.856   6.073E-04  6431.97127   -8005.186   -35729.17
      0.858   2.530E-04  2179.44434  -2335.1509   -44234.23
       0.86  -1.145E-04  -2229.5697  3543.53535   -53052.26
      0.862  -4.846E-04   -6671.956  9466.71599   -61937.03
      0.864  -8.472E-04  -11022.303  15267.1797   -70637.72
      0.866    -0.00119  -15159.907  20783.9842   -78912.93
      0.868    -0.00151  -18975.462   25871.391   -86544.04
       0.87    -0.00179  -22375.449  30404.7073   -93344.02
      0.872    -0.00204  -25018.781   33744.551   -96000.02
      0.874    -0.00224   -26948.75   35989.057   -96000.02
      0.876     -0.0024  -28501.282   37795.443   -96000.02
      0.878    -0.00253  -29702.886   39191.163   -96000.02
       0.88    -0.00262  -30593.602   40226.285   -96000.02
      0.882    -0.00268  -31208.349   40938.934   -96000.02
      0.884    -0.00272  -31586.266   41376.666   -96000.02
      0.886    -0.00274   -31763.33   41580.073   -96000.02
      0.888    -0.00275   -31781.11   41598.758   -96000.02
       0.89    -0.00274   -31660.09   41437.971   -95754.53
      0.892    -0.00272  -31447.042   41153.229    -95332.5
      0.894     -0.0027  -31205.343   40831.573   -94845.43
      0.896    -0.00268  -30991.434   40546.119   -94419.07
      0.898    -0.00267  -30864.488   40377.046   -94164.05
        0.9    -0.00267  -30875.827   40392.018    -94187.6
      0.902    -0.00269  -31067.532   40647.739   -94570.33
      0.904    -0.00272  -31462.939    41174.86   -95361.68
      0.906    -0.00277    -32024.3   41889.635   -96000.02
      0.908    -0.00284    -32703.4   42688.967   -96000.02
       0.91    -0.00293   -33563.48   43692.244   -96000.02
      0.912    -0.00304   -34626.65   44938.094   -96000.02
      0.914    -0.00317   -35884.53   46407.034   -96000.03
      0.916    -0.00332   -37345.35   48115.743   -96000.03
      0.918    -0.00349   -38999.18   50047.317   -96000.03
       0.92    -0.00369   -40843.72   52202.895   -96000.03
      0.922     -0.0039   -42861.28   54558.843   -96000.03
      0.924    -0.00412   -45029.15   57090.557   -96000.03
      0.926    -0.00436   -47314.21   59757.836   -96000.03
      0.928    -0.00461   -49685.23   62525.364   -96000.04
       0.93    -0.00486   -52107.78   65352.131   -96000.04
      0.932    -0.00511   -54549.01   68200.418   -96000.04
      0.934    -0.00536   -56975.12    71030.35   -96000.04
      0.936    -0.00561    -59354.2   73805.056   -96000.04
      0.938    -0.00585   -61655.09   76487.965   -96000.04
       0.94    -0.00608   -63849.12   79045.835   -96000.05
      0.942     -0.0063   -65905.14   81442.115   -96000.05
      0.944    -0.00649   -67786.54   83634.092   -96000.05
      0.946    -0.00667   -69456.03   85578.256   -96000.05
      0.948    -0.00682   -70879.04   87232.831   -96000.05
       0.95    -0.00694   -72033.51   88577.152   -96000.05
      0.952    -0.00703   -72889.18   89569.786   -96000.05
      0.954    -0.00708   -73433.82   90200.693   -96000.05
      0.956    -0.00711   -73655.27   90455.284   -96000.05
      0.958     -0.0071   -73524.32   90279.618   -95744.61
       0.96    -0.00705    -72989.4   89567.401   -94668.65
      0.962    -0.00697   -72056.86   88321.539   -92818.48
      0.964    -0.00687   -70758.35   86591.403   -90214.17
      0.966    -0.00673   -69116.13   84400.836   -86935.39
      0.968    -0.00657   -67180.78   81821.102    -83060.3
       0.97    -0.00639   -65004.29   78918.542   -78710.72
      0.972    -0.00619   -62655.56   75787.337   -74010.61
      0.974    -0.00599   -60203.39   72517.442   -69108.33
      0.976    -0.00578   -57724.28   69212.226   -64148.52
      0.978    -0.00558   -55290.71   65967.262   -59282.62
       0.98    -0.00538   -52974.62   62879.297   -54649.47
      0.982    -0.00521   -50834.99    60026.33   -50370.95
      0.984    -0.00505   -48915.13   57466.617   -46530.66
      0.986    -0.00491   -47242.52   55236.399   -43185.89
      0.988    -0.00479   -45834.65     53359.3   -40369.81
       0.99    -0.00469   -44696.68   51841.957   -38094.13
      0.992    -0.00462   -43822.85   50676.886   -36346.26
      0.994    -0.00457   -43195.88   49840.895   -35092.48
      0.996    -0.00453   -42788.75   49298.074   -34278.09
      0.998    -0.00452   -42565.39   49000.248   -33831.47
         1.    -0.00451   -42482.91   48890.283   -33666.43
      1.002    -0.00451   -42505.31   48920.151   -33711.31
