 
 SAP2000 v24.2.0 File: SIMPLE-BEAM-DYNAMIC-INELASTIC-1PHASE-LL1  N, m, C Units  PAGE 1
 m/d/yy h:mm:ss
 
 T I M E   H I S T O R Y   D A T A 
 
 CASE  Nonlinear - 0.002
 FUNCTION  disp-1-z:  Joint 6  Displacement  UZ    
 FUNCTION  moment-0-0:  Frame 4  Station 1  Moment 3-3    
 FUNCTION  moment-0-1:  Frame 4  Station 5  Moment 3-3    
 FUNCTION  moment-1-1:  Frame 5  Station 3  Moment 3-3    
 
       TIME    FUNCTION    FUNCTION    FUNCTION    FUNCTION
               disp-1-z  moment-0-0  moment-0-1  moment-1-1
         0.          0.          0.          0.          0.
      0.002  -1.420E-06   -17.04133    22.72177   -34.08265
      0.004  -8.432E-06  -101.18901   134.91868  -202.37802
      0.006  -2.631E-05  -315.71753   420.95671  -631.43506
      0.008  -5.976E-05  -717.13087    956.1745  -1434.2617
       0.01  -1.127E-04  -1352.9068  1803.87568  -2705.8135
      0.012  -1.883E-04  -2259.6674  3012.88983   -4519.335
      0.014  -2.885E-04   -3461.846  4615.79418   -6923.691
      0.016  -4.142E-04   -4970.894    6627.858   -9941.787
      0.018  -5.654E-04   -6785.055  9046.74013   -13570.11
       0.02  -7.408E-04   -8889.703  11852.9373  -17779.406
      0.022  -9.380E-04  -11256.544  15008.7257  -22513.089
      0.024    -0.00115   -13843.42  18457.8937  -27686.841
      0.026    -0.00138  -16598.033  22130.7106   -33196.07
      0.028    -0.00162  -19462.027  25949.3691   -38924.05
       0.03    -0.00186  -22373.577  29831.4361   -44747.15
      0.032    -0.00211  -25270.074   33693.432   -50540.15
      0.034    -0.00234  -28090.787   37454.382   -56181.57
      0.036    -0.00256  -30779.395   41039.193   -61558.79
      0.038    -0.00277   -33286.28   44381.712   -66572.57
       0.04    -0.00296   -35570.51   47427.346   -71141.02
      0.042    -0.00313   -37608.97   50145.287   -75217.93
      0.044    -0.00328   -39404.61    52539.48   -78809.22
      0.046    -0.00341   -40978.22   54637.627   -81956.44
      0.048    -0.00353   -42359.55   56479.404   -84719.11
       0.05    -0.00363   -43585.91   58114.546   -87171.82
      0.052    -0.00373    -44700.4   59600.538   -89400.81
      0.054    -0.00381   -45750.03   61000.038   -91500.06
      0.056     -0.0039   -46783.59   62378.115   -93567.17
      0.058    -0.00399   -47849.59   63799.457   -95699.19
       0.06    -0.00408   -48827.28   64987.628     -96000.
      0.062    -0.00419   -49831.98   66149.158     -96000.
      0.064     -0.0043   -50949.13   67462.189     -96000.
      0.066    -0.00443   -52106.02   68806.342     -96000.
      0.068    -0.00455   -53302.94   70207.594     -96000.
       0.07    -0.00467   -54486.89   71585.223     -96000.
      0.072    -0.00479   -55644.95   72938.094   -96000.01
      0.074    -0.00491   -56736.31   74208.351   -96000.01
      0.076    -0.00501    -57743.2   75382.859   -96000.01
      0.078    -0.00511   -58634.11   76419.317   -96000.01
       0.08    -0.00519   -59391.61   77301.528   -96000.01
      0.082    -0.00525   -60005.46   78014.921   -96000.01
      0.084     -0.0053   -60499.65   78590.188   -96000.01
      0.086    -0.00534   -60907.25   79064.309   -96000.01
      0.088    -0.00538   -61265.48   79481.896   -96000.01
       0.09    -0.00542   -61609.16   79882.711   -96000.01
      0.092    -0.00545   -61974.49    80309.61   -96000.01
      0.094     -0.0055   -62395.23   80801.471   -96000.01
      0.096    -0.00555   -62904.47   81397.243   -96000.01
      0.098    -0.00562   -63532.41   82131.866   -96000.01
        0.1     -0.0057   -64307.18   83038.275   -96000.01
      0.102    -0.00579   -65241.82   84131.214   -96000.01
      0.104    -0.00591   -66324.21   85396.194   -96000.01
      0.106    -0.00603   -67528.94   86803.465   -96000.01
      0.108    -0.00617   -68829.27   88321.862   -96000.02
       0.11    -0.00631   -70197.21   89918.664   -96000.02
      0.112    -0.00646   -71604.29   91560.696   -96000.02
      0.114     -0.0066   -73021.88   93214.525   -96000.02
      0.116    -0.00675   -74421.05   94845.819   -96000.02
      0.118    -0.00689    -75563.7      96000.   -96000.02
       0.12    -0.00703   -76103.66   96000.001   -96000.02
      0.122    -0.00715   -76611.92   96000.001   -96000.02
      0.124    -0.00727   -77079.22   96000.002   -96000.02
      0.126    -0.00737   -77494.06   96000.002   -96000.02
      0.128    -0.00746   -77845.26   96000.002   -96000.02
       0.13    -0.00753   -78121.98   96000.003   -96000.02
      0.132    -0.00758   -78313.73   96000.003   -96000.02
      0.134     -0.0076   -78410.35   96000.003   -96000.02
      0.136     -0.0076   -78388.78   95973.243   -95944.95
      0.138    -0.00757    -78024.1   95485.881   -95222.27
       0.14    -0.00751   -77308.59   94530.744   -93798.01
      0.142    -0.00742   -76260.81   93134.149   -91699.79
      0.144    -0.00731   -74934.17   91364.945   -89048.57
      0.146    -0.00719   -73411.75   89335.318   -86002.12
      0.148    -0.00705   -71779.62   87158.937   -82739.11
       0.15    -0.00691   -70129.61   84959.091   -79438.13
      0.152    -0.00678    -68550.3    82853.22   -76280.26
      0.154    -0.00666   -67127.21   80955.869   -73433.51
      0.156    -0.00656   -65936.25   79367.844   -71052.03
      0.158    -0.00649   -65043.02    78176.92   -69265.21
       0.16    -0.00644   -64498.41    77450.74   -68176.28
      0.162    -0.00643   -64323.51   77217.576   -67826.27
      0.164    -0.00644   -64493.44   77444.117   -68166.29
      0.166    -0.00648   -64954.89   78059.408   -69089.06
      0.168    -0.00654   -65643.01   78976.876   -70465.39
       0.17    -0.00661   -66484.84   80099.335   -72148.98
      0.172    -0.00669   -67402.23   81322.508   -73983.82
      0.174    -0.00676   -68315.49   82540.194   -75810.29
      0.176    -0.00683   -69146.59   83648.324   -77472.53
      0.178    -0.00689   -69822.61    84549.69   -78824.54
       0.18    -0.00692   -70278.57   85157.632   -79736.48
      0.182    -0.00694   -70467.24   85409.193    -80113.8
      0.184    -0.00693    -70367.8   85276.612   -79914.95
      0.186     -0.0069   -69979.19    84758.46   -79137.71
      0.188    -0.00684   -69312.54     83869.6   -77804.43
       0.19    -0.00677   -68390.58   82640.317   -75960.49
      0.192    -0.00667   -67246.35   81114.668   -73672.03
      0.194    -0.00656   -65921.64   79348.394   -71022.61
      0.196    -0.00644   -64465.06    77406.29   -68109.46
      0.198    -0.00631   -62929.83   75359.318     -65039.
        0.2    -0.00618   -61371.44   73281.457   -61922.21
      0.202    -0.00606   -59846.79     71248.6   -58872.92
      0.204    -0.00594   -58413.36   69337.357   -56006.06
      0.206    -0.00583   -57125.15   67619.747   -53429.64
      0.208    -0.00574   -56028.97   66158.165   -51237.27
       0.21    -0.00567   -55162.55    65002.94   -49504.43
      0.212    -0.00561   -54553.18   64190.442   -48285.69
      0.214    -0.00559   -54216.71   63741.825   -47612.76
      0.216    -0.00558   -54157.17   63662.428   -47493.66
      0.218     -0.0056   -54366.75   63941.868   -47912.82
       0.22    -0.00564   -54826.43   64554.787    -48832.2
      0.222    -0.00569   -55493.25   65443.877   -50165.84
      0.224    -0.00576   -56288.78   66504.587    -51756.9
      0.226    -0.00583   -57116.97    67608.83   -53413.27
      0.228    -0.00589   -57882.26   68629.222   -54943.85
       0.23    -0.00594   -58493.68   69444.449    -56166.7
      0.232    -0.00597   -58868.56   69944.287   -56916.45
      0.234    -0.00598   -58935.87   70034.035   -57051.07
      0.236    -0.00595   -58639.01   69638.222   -56457.35
      0.238     -0.0059    -57937.9   68703.411   -55055.14
       0.24     -0.0058   -56810.36   67200.025   -52800.06
      0.242    -0.00567   -55248.98   65118.174   -49677.28
      0.244    -0.00551   -53257.39    62462.73   -45694.12
      0.246    -0.00531   -50853.68   59257.776   -40886.69
      0.248    -0.00507   -48072.97   55550.165   -35325.27
       0.25    -0.00482   -44965.66   51407.083  -29110.646
      0.252    -0.00453   -41594.94     46912.8  -22369.222
      0.254    -0.00424   -38033.92   42164.774  -15247.182
      0.256    -0.00393   -34362.29    37269.26   -7903.912
      0.258    -0.00362  -30662.829   32336.646   -504.9906
       0.26    -0.00332  -27017.867  27476.6972  6784.93246
      0.262    -0.00303  -23511.768  22801.8983  13797.1308
      0.264    -0.00275  -20233.302  18430.6093  20354.0643
      0.266    -0.00251  -17265.824  14473.9732  26289.0184
      0.268    -0.00229  -14677.886   11023.388  31464.8963
       0.27    -0.00211  -12520.619  8147.03237    35779.43
      0.272    -0.00197  -10825.926  5887.44239   39168.815
      0.274    -0.00187    -9605.51   4260.2209   41609.647
      0.276    -0.00181   -8850.778  3253.91191    43119.11
      0.278    -0.00178   -8533.611  2831.02197   43753.445
       0.28    -0.00179   -8607.937  2930.12281   43604.794
      0.282    -0.00182   -9024.661  3485.75544   42771.345
      0.284    -0.00188   -9746.427  4448.11003   41327.813
      0.286    -0.00196  -10736.338  5767.99145   39347.991
      0.288    -0.00206  -11946.887  7382.05715   36926.893
       0.29    -0.00218  -13322.177  9215.77721   34176.312
      0.292     -0.0023  -14800.451   11186.809  31219.7648
      0.294    -0.00243  -16316.821  13208.6351  28187.0256
      0.296    -0.00255  -17806.074  15194.3061  25208.5191
      0.298    -0.00267   -19205.44   17060.127  22409.7877
        0.3    -0.00277  -20457.194  18729.1329  19906.2789
      0.302    -0.00286  -21488.463  20104.1579  17843.7413
      0.304    -0.00292  -22192.064  21042.2928  16436.5391
      0.306    -0.00294  -22454.263  21391.8907  15912.1422
      0.308    -0.00292  -22182.251  21029.2089  16456.1649
       0.31    -0.00284  -21307.661  19863.0892  18205.3445
      0.312    -0.00272   -19788.97  17838.1671  21242.7276
      0.314    -0.00254  -17612.723  14936.5045  25595.2215
      0.316     -0.0023  -14793.549  11177.6054  31233.5702
      0.318    -0.00202   -11372.98  6616.84782   38074.707
       0.32    -0.00169   -7417.167  1342.43005   45986.333
      0.322    -0.00132  -3047.5424   -4483.736   54725.582
      0.324  -9.408E-04  1531.45109  -10589.061   63883.569
      0.326  -5.620E-04  6076.61418  -16649.278   72973.896
      0.328  -2.058E-04  10351.0036  -22348.464   81522.675
       0.33   1.094E-04  14133.8309  -27392.234   89088.329
      0.332   3.674E-04  17229.4811  -31519.767   95279.629
      0.334   5.555E-04  19157.4571   -33870.66   96000.001
      0.336   6.662E-04  20167.7454   -35006.22   96000.002
      0.338   6.950E-04  20456.6701   -35353.57   96000.002
       0.34   6.397E-04  19777.6868   -34438.02   94703.508
      0.342   5.028E-04  18146.6384   -32271.24   91393.705
      0.344   2.941E-04   15633.881  -28914.642     86405.7
      0.346   2.867E-05  12455.4879  -24681.636   80019.804
      0.348  -2.767E-04  8785.31726  -19784.311   72702.053
       0.35  -6.037E-04  4865.98147  -14561.451   64845.851
      0.352  -9.334E-04   905.92939   -9279.114   56939.352
      0.354    -0.00125  -2857.8469   -4262.506   49401.241
      0.356    -0.00153   -6225.383   228.90854   42674.361
      0.358    -0.00176   -8998.801  3925.73856   37121.168
       0.36    -0.00193  -11023.746  6626.48732   33076.213
      0.362    -0.00202  -12174.125   8159.6889  30771.6239
      0.364    -0.00204  -12381.591  8436.80535  30359.6642
      0.366    -0.00198   -11617.04  7417.01917    31886.46
      0.368    -0.00183   -9898.309  5125.67671   35325.711
       0.37    -0.00162   -7279.173   1633.2632   40562.595
      0.372    -0.00133   -3853.586  -2934.0069   47414.848
      0.374  -9.878E-04   254.70121   -8411.862   55630.585
      0.376  -6.012E-04   4893.6095  -14596.965   64909.051
      0.378  -1.846E-04  9893.11042   -21263.05   74907.549
       0.38   2.468E-04  15070.1488  -28165.703   85262.017
      0.382   6.756E-04  20215.6285   -35026.39   95552.673
      0.384     0.00108  24296.8613   -39927.16   96000.005
      0.386     0.00146  27776.0815   -43906.63   96000.008
      0.388     0.00178  30967.3444   -47676.59    96000.01
       0.39     0.00205   33514.335   -50599.07   96000.012
      0.392     0.00226    35535.36   -52976.41   96000.013
      0.394      0.0024   36818.642   -54440.74   96000.014
      0.396     0.00246   37417.411   -55143.54   96000.015
      0.398     0.00244   37178.854   -54812.12   95602.993
        0.4     0.00234   35992.087   -53240.12   93167.304
      0.402     0.00216   33842.203   -50365.71   88914.947
      0.404     0.00192  30931.9407   -46491.49   83057.629
      0.406     0.00163  27442.0202    -41833.5   76106.341
      0.408     0.00131  23639.0663   -36766.59   68478.274
       0.41   9.900E-04  19747.2363  -31574.619   60711.811
      0.412   6.799E-04  16029.1273  -26619.364   53262.248
      0.414   4.030E-04  12704.4118  -22184.684   46623.173
      0.416   1.771E-04  9995.32928  -18573.913   41196.971
      0.418   1.723E-05  8075.38179  -16012.944   37363.313
       0.42  -6.454E-05  7095.44007  -14707.162   35398.589
      0.422  -6.069E-05  7140.62285  -14766.779   35492.711
      0.424   3.049E-05  8235.58051  -16227.209   37679.712
      0.426   2.060E-04  10341.4523  -19034.661   41893.718
      0.428   4.594E-04  13382.5344   -23089.73   47974.126
       0.43   7.810E-04  17241.0713  -28234.218   55692.562
      0.432     0.00116  21770.1651   -34273.19   64749.693
      0.434     0.00158  26795.0623   -40972.91   74800.307
      0.436     0.00202    32125.37    -48080.1   85460.285
      0.438     0.00247   37531.995   -55269.41   96000.015
       0.44     0.00292   41967.066   -60555.37   96000.018
      0.442     0.00336   46032.348   -65212.46   96000.021
      0.444     0.00377    50062.58   -69971.93   96000.024
      0.446     0.00415   53678.492   -74141.41   96000.027
      0.448      0.0045   57026.032   -78073.55   96000.029
       0.45      0.0048   59877.302   -81366.99   96000.032
      0.452     0.00505   62300.241   -84204.85   96000.033
      0.454     0.00525   64156.243   -86349.42   96000.035
      0.456     0.00538   65469.452    -87880.2   96000.036
      0.458     0.00546   66169.974    -88679.9   96000.036
       0.46     0.00547    66279.67   -88805.94   96000.037
      0.462     0.00542   65645.905   -87960.24   94736.607
      0.464      0.0053   64242.086   -86089.32   91923.965
      0.466     0.00512   62089.734   -83219.73   87617.949
      0.468     0.00488   59242.876   -79422.38   81933.501
       0.47      0.0046   55790.359   -74819.06   75028.257
      0.472     0.00427   51838.314   -69550.06   67121.774
      0.474     0.00391   47512.926    -63783.1   58469.646
      0.476     0.00353   42954.093   -57704.48   49353.028
      0.478     0.00314   38310.194   -51512.75   40064.416
       0.48     0.00276   33728.412   -45403.61  30901.4853
      0.482     0.00239  29379.3946     -39605.  22202.9594
      0.484     0.00207  25474.5855   -34398.52  14393.7217
      0.486      0.0018  22230.8848  -30073.637  7906.02505
      0.488      0.0016  19832.2521  -26875.422  3108.98875
       0.49     0.00148  18423.7721  -24997.478   291.85091
      0.492     0.00145  18105.3628  -24572.909  -344.82957
      0.494     0.00152  18929.1639  -25671.329  1302.66543
      0.496     0.00169  20897.7209  -28296.058  5239.86268
      0.498     0.00194   23965.295   -32386.17  11374.9463
        0.5     0.00228   28040.419   -37819.66  19525.2444
      0.502     0.00269   32958.349    -44376.9  29361.0647
      0.504     0.00315   38456.695   -51708.03   40357.787
      0.506     0.00363   44221.203   -59394.04   51886.781
      0.508     0.00411   49932.545   -67009.16   63309.482
       0.51     0.00455   55280.014   -74139.12   74004.406
      0.512     0.00494   59973.814   -80397.12   83394.423
      0.514     0.00526   63759.807   -85445.42   90964.534
      0.516     0.00548   66399.744   -88948.44   96000.012
      0.518      0.0056   67546.286    -90311.6   96000.013
       0.52      0.0056    67520.43   -90233.69   96000.013
      0.522     0.00549   66215.843   -88517.12   93253.537
      0.524     0.00527    63523.26   -84908.73   87978.048
      0.526     0.00494   59671.529   -79786.86   80191.934
      0.528     0.00454   54743.578   -73205.57   70400.174
       0.53     0.00406   49013.538   -65574.23   58887.853
      0.532     0.00353   42668.482   -57107.39   46238.283
      0.534     0.00297   36009.263   -48233.68   32888.382
      0.536     0.00241  29272.4663   -39247.21  19439.2055
      0.538     0.00187  22748.8202  -30552.178  6372.96457
       0.54     0.00136  16671.1547  -22446.173   -5767.661
      0.542   9.127E-04  11282.2748  -15262.902  -16556.833
      0.544   5.365E-04  6765.06624   -9238.481  -25582.394
      0.546   2.461E-04  3282.06577   -4595.626   -32555.27
      0.548   5.044E-05    933.1998  -1462.9154   -37247.67
       0.55  -4.570E-05  -219.42555    73.22857   -39557.06
      0.552  -4.193E-05  -174.95588    14.47105    -39464.9
      0.554   5.794E-05  1024.11807  -1584.7097   -37069.25
      0.556   2.461E-04  3281.63627   -4594.412   -32552.28
      0.558   5.112E-04  6462.97621   -8836.448    -26191.1
       0.56   8.388E-04  10393.6921  -14077.209  -18328.503
      0.562     0.00121  14866.2317  -20040.745   -9384.328
      0.564     0.00161  19637.1436  -26401.844   158.19757
      0.566     0.00201  24449.2619   -32818.09  9781.88963
      0.568     0.00239  29047.5407   -38949.06  18978.8699
       0.57     0.00274   33192.001   -44475.06  27267.4629
      0.572     0.00303   36665.876   -49106.85   34215.467
      0.574     0.00325   39285.643   -52599.91   39454.804
      0.576     0.00338   40907.102   -54761.83   42697.875
      0.578     0.00343   41431.489   -55461.03    43746.53
       0.58     0.00337   40808.136   -54629.88   42499.917
      0.582     0.00323   39041.154   -52273.92   38965.881
      0.584     0.00299   36192.812   -48476.12   33269.251
      0.586     0.00267   32375.022   -43385.74  25633.6293
      0.588     0.00228  27738.3899   -37203.55  16360.3983
       0.59     0.00184  22465.2439  -30172.698  5814.08025
      0.592     0.00137  16761.1613  -22567.251   -5594.065
      0.594   8.764E-04  10845.9153  -14680.259  -17424.572
      0.596   3.846E-04  4943.81571   -6810.791  -29228.759
      0.598  -8.786E-05  -725.80662   748.70408   -40568.01
        0.6  -5.239E-04   -5957.827  7724.73305   -51032.05
      0.602  -9.083E-04  -10570.939  13875.5481   -60258.28
      0.604    -0.00123  -14416.132  19002.4722   -67948.66
      0.606    -0.00148  -17381.077  22955.7317   -73878.55
      0.608    -0.00164  -19392.918  25638.1865   -77902.23
       0.61    -0.00173  -20420.553  27008.3666    -79957.5
      0.612    -0.00173  -20475.136  27081.1436   -80066.67
      0.614    -0.00166  -19608.754  25925.9674    -78333.9
      0.616    -0.00152  -17911.422  23662.8581   -74939.24
      0.618    -0.00132  -15506.515   20456.316   -70129.43
       0.62    -0.00107  -12544.895  16507.4887   -64206.19
      0.622  -7.922E-04   -9177.921  12018.1912   -57472.24
      0.624  -4.883E-04   -5530.995  7155.62281   -50178.39
      0.626  -1.706E-04  -1718.8149  2072.71573   -42554.03
      0.628   1.509E-04  2139.20484  -3071.3105   -34837.99
       0.63   4.663E-04  5924.07999   -8117.811  -27268.236
      0.632   7.661E-04  9522.28092  -12915.412  -20071.834
      0.634     0.00104   12830.427  -17326.273  -13455.542
      0.636     0.00129  15759.4577  -21231.648   -7597.481
      0.638     0.00149  18238.1165  -24536.526  -2640.1633
       0.64     0.00166  20215.6108  -27173.185  1314.82549
      0.642     0.00178   21669.117  -29111.193  4221.83773
      0.644     0.00186  22609.9511  -30365.639    6103.506
      0.646      0.0019  23076.6523  -30987.907  7036.90842
      0.648      0.0019   23127.051  -31055.105  7137.70583
       0.65     0.00188    22835.44  -30666.291  6554.48372
      0.652     0.00183   22289.105  -29937.844  5461.81389
      0.654     0.00177  21584.3753  -28998.204  4052.35436
      0.656     0.00171  20822.3687  -27982.196  2528.34118
      0.658     0.00165  20104.6199  -27025.197   1092.8437
       0.66      0.0016  19528.7772  -26257.407   -58.84178
      0.662     0.00157  19182.8806  -25796.211  -750.63508
      0.664     0.00157  19140.1604  -25739.251   -836.0754
      0.666     0.00159  19457.9016  -26162.906   -200.5929
      0.668     0.00165  20177.0051  -27121.711  1237.61409
       0.67     0.00175  21320.5822   -28646.48   3524.7682
      0.672     0.00188  22893.3299  -30743.477  6670.26363
      0.674     0.00205  24881.6993   -33394.64  10647.0025
      0.676     0.00224  27254.8306   -36558.81   15393.265
      0.678     0.00247  29966.1998   -40173.97  20816.0034
       0.68     0.00272   32955.898   -44160.23  26795.3995
      0.682     0.00299   36150.257   -48419.38   33184.119
      0.684     0.00326   39462.069   -52835.13   39807.742
      0.686     0.00354   42797.714   -57282.66   46479.032
      0.688     0.00381   46064.422   -61638.27   53012.448
       0.69     0.00407   49174.179   -65784.61   59231.962
      0.692     0.00431   52047.356   -69615.51   64978.316
      0.694     0.00452   54615.911   -73040.25   70115.427
      0.696     0.00471    56826.04   -75987.09   74535.683
      0.698     0.00486   58640.165   -78405.92   78163.933
        0.7     0.00498   60038.205   -80269.98   80960.014
      0.702     0.00506   61008.699   -81563.97   82901.003
      0.704      0.0051   61539.738   -82272.02    83963.08
      0.706     0.00511   61628.855   -82390.84   84141.314
      0.708     0.00508   61292.327   -81942.14   83468.258
       0.71     0.00502   60564.112   -80971.19   82011.828
      0.712     0.00493   59494.064   -79544.46   79871.732
      0.714     0.00482   58145.508   -77746.38   77174.619
      0.716     0.00469   56592.291   -75675.43   74068.186
      0.718     0.00455   54915.454   -73439.64   70714.513
       0.72     0.00441   53199.659   -71151.92   67282.923
      0.722     0.00426   51504.349    -68891.5   63892.302
      0.724     0.00413   49836.545   -66667.76   60556.694
      0.726     0.00399   48176.779   -64454.74   57237.161
      0.728     0.00385   46505.628   -62226.54    53894.86
       0.73     0.00371   44804.538   -59958.42    50492.68
      0.732     0.00356   43056.589   -57627.82   46996.782
      0.734     0.00341   41247.179   -55215.28   43377.961
      0.736     0.00325   39364.595   -52705.16   39612.794
      0.738     0.00309   37400.452   -50086.31   35684.507
       0.74     0.00292   35349.979   -47352.34  31583.5614
      0.742     0.00274   33256.889   -44561.56  27397.3811
      0.744     0.00258  31255.3007   -41892.77  23394.2052
      0.746     0.00243  29517.5389   -39575.76  19918.6816
      0.748     0.00232  28201.3476   -37820.83  17286.2991
       0.75     0.00226  27443.5086   -36810.38  15770.6209
      0.752     0.00225  27354.4712   -36691.67  15592.5461
      0.754     0.00231  28014.2032   -37571.31  16912.0102
      0.756     0.00243  29469.4129   -39511.59  19822.4296
      0.758     0.00262   31732.234   -42528.68   24348.071
       0.76     0.00287   34780.397    -46592.9  30444.3972
      0.762     0.00318   38533.667   -51597.26   37950.938
      0.764     0.00354   42833.199   -57329.97   46550.002
      0.766     0.00393   47475.007   -63519.05   55833.617
      0.768     0.00433   52244.671    -69878.6   65372.946
       0.77     0.00472   56926.619    -76121.2   74736.842
      0.772     0.00508   61313.265   -81970.06   83510.133
      0.774     0.00541   65213.632   -87170.55   91310.867
      0.776     0.00568   68308.322   -91191.21   96000.013
      0.778     0.00589   70328.124   -93566.33   96000.015
       0.78     0.00603   71640.757   -95067.23   96000.016
      0.782      0.0061   72320.873   -95865.22   96000.016
      0.784     0.00609   72261.853   -95771.62    95971.39
      0.786     0.00602   71341.184   -94557.75   94047.947
      0.788     0.00586   69486.653   -92073.22   90409.784
       0.79     0.00564   66813.266   -88516.99   85013.289
      0.792     0.00535   63351.756   -83896.08   78123.644
      0.794     0.00501   59249.704   -78430.64   69895.813
      0.796     0.00462   54620.265   -72254.98   60655.349
      0.798     0.00421   49639.234   -65615.99   50678.997
        0.8     0.00378   44461.277    -58710.2   40334.173
      0.802     0.00334   39268.381   -51787.77  29939.7747
      0.804     0.00292   34213.628   -45046.99  19836.9466
      0.806     0.00253  29453.2403   -38700.67  10310.9886
      0.808     0.00216  25116.0973   -32917.14  1640.72494
       0.81     0.00185  21319.7684  -27855.887   -5955.055
      0.812     0.00158  18149.5126  -23628.475  -12293.144
      0.814     0.00138  15667.9277  -20320.009  -17258.193
      0.816     0.00123  13902.9606  -17966.476  -20786.669
      0.818     0.00114  12855.0099  -16569.397  -22883.702
       0.82     0.00111  12491.5603  -16084.651  -23609.723
      0.822     0.00113  12752.1181  -16432.175  -23089.289
      0.824      0.0012  13546.1063  -17490.738  -21500.783
      0.826      0.0013  14761.7168   -19111.62  -19069.973
      0.828     0.00143  16270.5906  -21123.399  -16051.907
       0.83     0.00157  17935.2354  -23342.967  -12722.865
      0.832     0.00171  19613.7347  -25580.934   -9365.674
      0.834     0.00184  21166.8383  -27651.763   -6259.616
      0.836     0.00194  22463.0242  -29379.992   -3667.128
      0.838     0.00202  23384.5103  -30608.655  -1824.2458
       0.84     0.00206   23831.497  -31204.626  -930.20289
      0.842     0.00205  23726.3944  -31064.498   -1140.462
      0.844     0.00199  23016.3829  -30117.809  -2560.4432
      0.846     0.00188  21675.3735  -28329.802   -5242.495
      0.848     0.00171  19704.4123  -25701.849   -9184.392
       0.85      0.0015  17131.2292  -22270.942  -14330.777
      0.852     0.00124  14008.4334  -18107.212  -20576.354
      0.854   9.389E-04  10410.8737  -13310.467  -27771.485
      0.856   6.073E-04  6431.96952    -8005.26   -35729.28
      0.858   2.530E-04  2179.43887  -2335.2205   -44234.35
       0.86  -1.145E-04  -2229.5792  3543.47125   -53052.38
      0.862  -4.847E-04    -6671.97  9466.65768   -61937.17
      0.864  -8.472E-04  -11022.321  15267.1273   -70637.87
      0.866    -0.00119   -15159.93  20783.9379   -78913.09
      0.868    -0.00151  -18975.489  25871.3504    -86544.2
       0.87    -0.00179   -22375.48  30404.6722   -93344.19
      0.872    -0.00204  -25018.801    33744.49   -96000.02
      0.874    -0.00224  -26948.771   35988.994   -96000.02
      0.876     -0.0024  -28501.311   37795.392   -96000.02
      0.878    -0.00253  -29702.921   39191.117   -96000.02
       0.88    -0.00262  -30593.646   40226.251   -96000.02
      0.882    -0.00268  -31208.402   40938.909   -96000.02
      0.884    -0.00272   -31586.33   41376.655   -96000.02
      0.886    -0.00274    -31763.4   41580.074   -96000.02
      0.888    -0.00275    -31781.2   41598.774   -96000.02
       0.89    -0.00274   -31660.19   41438.006   -95754.56
      0.892    -0.00272   -31447.16   41153.285   -95332.56
      0.894     -0.0027  -31205.475   40831.648   -94845.52
      0.896    -0.00268   -30991.58   40546.213   -94419.19
      0.898    -0.00267  -30864.646   40377.156   -94164.19
        0.9    -0.00267  -30875.994   40392.141   -94187.77
      0.902    -0.00269  -31067.706    40647.87   -94570.51
      0.904    -0.00272  -31463.118   41174.998   -95361.86
      0.906    -0.00277   -32024.46   41889.743   -96000.02
      0.908    -0.00284   -32703.57   42689.068   -96000.02
       0.91    -0.00293   -33563.65   43692.353   -96000.02
      0.912    -0.00304   -34626.82   44938.198   -96000.02
      0.914    -0.00317   -35884.69   46407.142   -96000.03
      0.916    -0.00332   -37345.52   48115.849   -96000.03
      0.918    -0.00349   -38999.35   50047.424   -96000.03
       0.92    -0.00369   -40843.88   52203.001   -96000.03
      0.922     -0.0039   -42861.45   54558.949   -96000.03
      0.924    -0.00412   -45029.31   57090.662   -96000.03
      0.926    -0.00436   -47314.37   59757.941   -96000.03
      0.928    -0.00461   -49685.39   62525.467   -96000.04
       0.93    -0.00486   -52107.94   65352.233   -96000.04
      0.932    -0.00511   -54549.17    68200.52   -96000.04
      0.934    -0.00537   -56975.28   71030.451   -96000.04
      0.936    -0.00561   -59354.36   73805.156   -96000.04
      0.938    -0.00585   -61655.25   76488.064   -96000.04
       0.94    -0.00608   -63849.28   79045.933   -96000.05
      0.942     -0.0063    -65905.3   81442.213   -96000.05
      0.944    -0.00649    -67786.7   83634.188   -96000.05
      0.946    -0.00667   -69456.19   85578.352   -96000.05
      0.948    -0.00682   -70879.19   87232.927   -96000.05
       0.95    -0.00694   -72033.66   88577.248   -96000.05
      0.952    -0.00703   -72889.34   89569.881   -96000.05
      0.954    -0.00708   -73433.98   90200.788   -96000.05
      0.956    -0.00711   -73655.42   90455.378   -96000.05
      0.958     -0.0071   -73524.48   90279.712   -95744.61
       0.96    -0.00705   -72989.55   89567.496   -94668.65
      0.962    -0.00697   -72057.02   88321.634   -92818.48
      0.964    -0.00687   -70758.51   86591.498   -90214.17
      0.966    -0.00673   -69116.29    84400.93   -86935.39
      0.968    -0.00657   -67180.94   81821.196    -83060.3
       0.97    -0.00639   -65004.44   78918.637   -78710.72
      0.972    -0.00619   -62655.71   75787.431   -74010.61
      0.974    -0.00599   -60203.54   72517.535   -69108.33
      0.976    -0.00578   -57724.43   69212.319   -64148.51
      0.978    -0.00558   -55290.86   65967.354   -59282.61
       0.98    -0.00538   -52974.77   62879.387   -54649.46
      0.982    -0.00521   -50835.14    60026.42   -50370.94
      0.984    -0.00505   -48915.28   57466.705   -46530.65
      0.986    -0.00491   -47242.67   55236.485   -43185.88
      0.988    -0.00479    -45834.8   53359.385   -40369.79
       0.99    -0.00469   -44696.83    51842.04   -38094.11
      0.992    -0.00462   -43822.99   50676.966   -36346.24
      0.994    -0.00457   -43196.02   49840.973   -35092.45
      0.996    -0.00453   -42788.89    49298.15   -34278.06
      0.998    -0.00452   -42565.53   49000.322   -33831.44
         1.    -0.00451   -42483.04   48890.354    -33666.4
      1.002    -0.00451   -42505.45   48920.219   -33711.27
