 
 SAP2000 v24.2.0 File: SIMPLE-BEAM-DYNAMIC-ELASTIC  N, m, C Units  PAGE 1
 m/d/yy h:mm:ss
 
 T I M E   H I S T O R Y   D A T A 
 
 CASE  Linear-modal-0.002
 FUNCTION  disp-z-1:  Joint 6  Displacement  UZ    
 FUNCTION  moment-0-0:  Frame 4  Station 1  Moment 3-3    
 FUNCTION  moment-0-1:  Frame 4  Station 5  Moment 3-3    
 FUNCTION  moment-1-1:  Frame 5  Station 3  Moment 3-3    
 
       TIME    FUNCTION    FUNCTION    FUNCTION    FUNCTION
               disp-z-1  moment-0-0  moment-0-1  moment-1-1
         0.          0.          0.          0.          0.
      0.002  -1.049E-06   -12.59315    16.79087   -25.18631
      0.004  -8.298E-06   -99.58093   132.77458  -199.16187
      0.006  -2.757E-05  -330.78847    441.0513  -661.57695
      0.008  -6.404E-05   -768.4631  1024.61747  -1536.9262
       0.01  -1.221E-04  -1464.7793  1953.03907  -2929.5586
      0.012  -2.050E-04   -2459.824  3279.76534   -4919.648
      0.014  -3.150E-04   -3780.138  5040.18401   -7560.276
      0.016  -4.532E-04   -5437.864  7250.48576  -10875.729
      0.018  -6.192E-04   -7430.527  9907.36958  -14861.054
       0.02  -8.118E-04   -9741.438  12988.5842  -19482.876
      0.022    -0.00103  -12339.466  16452.6217  -24678.932
      0.024    -0.00126  -15176.999  20235.9988  -30353.998
      0.026    -0.00152  -18195.984  24261.3117   -36391.97
      0.028    -0.00178  -21331.834  28442.4456   -42663.67
       0.03    -0.00204  -24516.316   32688.421   -49032.63
      0.032    -0.00231  -27680.526   36907.368   -55361.05
      0.034    -0.00256  -30757.843   41010.457   -61515.69
      0.036    -0.00281   -33686.72   44915.621   -67373.43
      0.038    -0.00303   -36413.18   48550.906   -72826.36
       0.04    -0.00324     -38893.   51857.335     -77786.
      0.042    -0.00342   -41098.98   54798.639   -82197.96
      0.044    -0.00359   -43038.45   57384.604   -86076.91
      0.046    -0.00373   -44735.52   59647.361   -89471.04
      0.048    -0.00385   -46224.11   61632.146   -92448.22
       0.05    -0.00396   -47546.33   63395.101   -95092.65
      0.052    -0.00406   -48750.49    65000.66   -97500.99
      0.054    -0.00416   -49888.98   66518.637   -99777.95
      0.056    -0.00425   -51015.85   68021.137  -102031.71
      0.058    -0.00435   -52184.58   69579.444  -104369.17
       0.06    -0.00445   -53445.75   71260.997   -106891.5
      0.062    -0.00457   -54825.79   73101.057  -109651.59
      0.064    -0.00469   -56269.49   75025.983  -112538.97
      0.066    -0.00481   -57701.07   76934.756  -115402.13
      0.068    -0.00492   -59046.84   78729.122  -118093.68
       0.07    -0.00502   -60238.29   80317.719  -120476.58
      0.072     -0.0051   -61214.87   81619.829  -122429.74
      0.074    -0.00516   -61926.44   82568.592  -123852.89
      0.076    -0.00519   -62335.18   83113.572  -124670.36
      0.078     -0.0052   -62416.92   83222.566  -124833.85
       0.08    -0.00518   -62161.95   82882.599   -124323.9
      0.082    -0.00513   -61586.64   82115.525  -123173.29
      0.084    -0.00506   -60766.69   81022.249  -121533.37
      0.086    -0.00498   -59798.08   79730.774  -119596.16
      0.088     -0.0049   -58781.18    78374.91  -117562.36
       0.09    -0.00482   -57816.34   77088.457  -115632.69
      0.092    -0.00475   -56999.63   75999.509  -113999.26
      0.094     -0.0047   -56418.83   75225.113  -112837.67
      0.096    -0.00468   -56149.88   74866.513  -112299.77
      0.098    -0.00469   -56253.87   75005.164  -112507.75
        0.1    -0.00473   -56774.75   75699.672  -113549.51
      0.102    -0.00481   -57727.53   76970.046  -115455.07
      0.104    -0.00492   -59067.67   78756.898  -118135.35
      0.106    -0.00506   -60724.87   80966.494  -121449.74
      0.108    -0.00522   -62616.77   83489.023  -125233.53
       0.11    -0.00539    -64652.7   86203.604  -129305.41
      0.112    -0.00556   -66737.75   88983.668   -133475.5
      0.114    -0.00573   -68776.84   91702.457  -137553.69
      0.116    -0.00589   -70678.82    94238.43  -141357.64
      0.118    -0.00603   -72360.25   96480.332   -144720.5
       0.12    -0.00615   -73748.79   98331.719  -147497.58
      0.122    -0.00623   -74780.61   99707.479  -149561.22
      0.124    -0.00628    -75386.7  100515.595  -150773.39
      0.126    -0.00629   -75512.18  100682.909  -151024.36
      0.128    -0.00626   -75123.79  100165.056  -150247.58
       0.13    -0.00618   -74210.82   98947.764  -148421.65
      0.132    -0.00607   -72785.13   97046.841  -145570.26
      0.134    -0.00591   -70880.16   94506.879  -141760.32
      0.136    -0.00571   -68549.08   91398.773  -137098.16
      0.138    -0.00549   -65862.11    87816.15  -131724.22
       0.14    -0.00524   -62903.19   83870.921  -125806.38
      0.142    -0.00498   -59776.03   79701.372  -119552.06
      0.144    -0.00472   -56628.78   75505.038  -113257.56
      0.146    -0.00447   -53617.22   71489.629  -107234.44
      0.148    -0.00424   -50888.16   67850.881  -101776.32
       0.15    -0.00405   -48573.34    64764.46   -97146.69
      0.152     -0.0039   -46784.17     62378.9   -93568.35
      0.154     -0.0038   -45607.37   60809.832   -91214.75
      0.156    -0.00376    -45101.8   60135.738   -90203.61
      0.158    -0.00377   -45296.53   60395.374   -90593.06
       0.16    -0.00385    -46190.2   61586.934    -92380.4
      0.162    -0.00398   -47740.85   63654.473   -95481.71
      0.164    -0.00415   -49836.28   66448.368   -99672.55
      0.166    -0.00436    -52332.6   69776.805  -104665.21
      0.168    -0.00459   -55071.86   73429.146  -110143.72
       0.17    -0.00482   -57888.97   77185.296  -115777.94
      0.172    -0.00505   -60618.95   80825.263  -121237.89
      0.174    -0.00526    -63103.9   84138.528  -126207.79
      0.176    -0.00543   -65199.61   86932.815  -130399.22
      0.178    -0.00557   -66781.43   89041.903  -133562.85
       0.18    -0.00565   -67749.13    90332.17  -135498.26
      0.182    -0.00567   -68035.96   90714.614  -136071.92
      0.184    -0.00564   -67626.39    90168.52  -135252.78
      0.186    -0.00555   -66540.05   88720.073  -133080.11
      0.188     -0.0054   -64825.01   86433.345  -129650.02
       0.19    -0.00521   -62555.09    83406.79  -125110.18
      0.192    -0.00499   -59826.26   79768.343  -119652.51
      0.194    -0.00473   -56752.03   75669.368  -113504.05
      0.196    -0.00445   -53458.29   71277.724  -106916.59
      0.198    -0.00417   -50077.71   66770.286  -100155.43
        0.2     -0.0039   -46743.91   62325.218   -93487.83
      0.202    -0.00363   -43586.92   58115.895   -87173.84
      0.204    -0.00339   -40731.11   54308.147   -81462.22
      0.206    -0.00319   -38286.61   51048.808   -76573.21
      0.208    -0.00303   -36343.75   48458.334    -72687.5
       0.21    -0.00291   -34969.67    46626.22   -69939.33
      0.212    -0.00285   -34205.87   45607.827   -68411.74
      0.214    -0.00284   -34067.04   45422.722   -68134.08
      0.216    -0.00288   -34540.94   46054.583   -69081.87
      0.218    -0.00297   -35589.48   47452.635   -71178.95
       0.22     -0.0031   -37150.89   49534.515   -74301.77
      0.222    -0.00326   -39132.66   52176.874   -78265.31
      0.224    -0.00345   -41385.89   55181.193   -82771.79
      0.226    -0.00365   -43743.15     58324.2    -87486.3
      0.228    -0.00384   -46035.98   61381.309   -92071.96
       0.23    -0.00401   -48102.16   64136.213   -96204.32
      0.232    -0.00415   -49792.44    66389.92   -99584.88
      0.234    -0.00425   -50976.66   67968.877  -101953.32
      0.236     -0.0043   -51548.88   68731.836  -103097.75
      0.238    -0.00429    -51431.4   68575.202   -102862.8
       0.24    -0.00421   -50577.51   67436.674  -101155.01
      0.242    -0.00408   -48970.04   65293.387   -97940.08
      0.244    -0.00388    -46613.4   62151.204   -93226.81
      0.246    -0.00363   -43541.09   58054.788   -87082.18
      0.248    -0.00332   -39816.39   53088.517   -79632.78
       0.25    -0.00296   -35529.06   47372.079   -71058.12
      0.252    -0.00257  -30790.985   41054.647   -61581.97
      0.254    -0.00214  -25730.939   34307.919   -51461.88
      0.256    -0.00171  -20488.758  27318.3445   -40977.52
      0.258    -0.00127  -15209.161  20278.8808  -30418.321
       0.26  -8.363E-04   -10035.48  13380.6403   -20070.96
      0.262  -4.257E-04    -5108.01  6810.68058  -10216.021
      0.264  -4.760E-05  -571.21261   761.61681  -1142.4252
      0.266   2.871E-04  3445.68878   -4594.252  6891.37756
      0.268   5.699E-04  6838.26729    -9117.69  13676.5346
       0.27   7.942E-04   9530.8316  -12707.775  19061.6632
      0.272   9.566E-04  11479.0579  -15305.411  22958.1159
      0.274     0.00106  12671.2325  -16894.977   25342.465
      0.276     0.00109  13128.0797  -17504.106  26256.1595
      0.278     0.00108  12901.2124  -17201.617  25802.4248
       0.28     0.00101  12070.2986  -16093.731  24140.5971
      0.282   8.941E-04  10729.7634  -14306.351  21459.5268
      0.284   7.464E-04   8956.7533  -11942.338  17913.5066
      0.286   5.697E-04  6836.01353   -9114.685  13672.0271
      0.288   3.721E-04  4465.35494   -5953.807  8930.70987
       0.29   1.626E-04  1951.21978  -2601.6264  3902.43956
      0.292  -4.967E-05  -596.02877   794.70502  -1192.0575
      0.294  -2.556E-04  -3066.8871  4089.18285   -6133.774
      0.296  -4.464E-04   -5357.357  7143.14275  -10714.714
      0.298  -6.144E-04   -7373.261   9831.0149  -14746.522
        0.3  -7.528E-04   -9034.052  12045.4023  -18068.103
      0.302  -8.549E-04  -10259.304  13679.0717  -20518.608
      0.304  -9.102E-04  -10922.657  14563.5421  -21845.313
      0.306  -9.090E-04  -10907.793  14543.7236  -21815.585
      0.308  -8.441E-04   -10129.67  13506.2266   -20259.34
       0.31  -7.115E-04   -8537.499   11383.332  -17074.998
      0.312  -5.097E-04   -6116.202   8154.9364  -12232.405
      0.314  -2.405E-04  -2886.3215  3848.42862   -5772.643
      0.316   9.147E-05  1097.58971  -1463.4529  2195.17942
      0.318   4.792E-04  5749.98845   -7666.651  11499.9769
       0.32   9.132E-04  10958.6231  -14611.497  21917.2462
      0.322     0.00138  16564.7696  -22086.359   33129.539
      0.324     0.00186  22296.4021  -29728.536   44592.804
      0.326     0.00232   27856.912   -37142.55   55713.824
      0.328     0.00275   32963.078   -43950.77   65926.156
       0.33     0.00311   37356.853   -49809.14   74713.707
      0.332      0.0034   40815.835   -54421.11   81631.671
      0.334      0.0036   43162.005   -57549.34   86324.009
      0.336     0.00369   44268.394   -59024.53   88536.788
      0.338     0.00367   44063.445   -58751.26   88126.889
       0.34     0.00354   42532.914   -56710.55   85065.827
      0.342     0.00331   39737.869   -52983.83   79475.739
      0.344     0.00299   35865.699   -47820.93   71731.397
      0.346      0.0026  31164.1789   -41552.24   62328.358
      0.348     0.00216  25911.3108   -34548.41   51822.622
       0.35      0.0017   20402.857  -27203.809   40805.714
      0.352     0.00124  14939.3819  -19919.176  29878.7638
      0.354   8.178E-04  9813.35263   -13084.47  19626.7053
      0.356   4.414E-04  5296.85083   -7062.468  10593.7017
      0.358   1.359E-04  1630.40512  -2173.8735  3260.81025
       0.36  -8.222E-05  -986.60359  1315.47145  -1973.2072
      0.362  -2.006E-04  -2407.1092  3209.47888   -4814.218
      0.364  -2.127E-04  -2552.0104  3402.68054   -5104.021
      0.366  -1.168E-04  -1401.6432  1868.85763  -2803.2864
      0.368   8.401E-05  1008.09338  -1344.1245  2016.18676
       0.37   3.824E-04  4588.40713   -6117.876  9176.81426
      0.372   7.669E-04  9202.48005  -12269.973  18404.9601
      0.374     0.00122  14672.2854  -19563.047  29344.5709
      0.376     0.00173  20787.0146  -27716.019   41574.029
      0.378     0.00228  27312.7309   -36416.97   54625.462
       0.38     0.00283   34002.806   -45337.07   68005.611
      0.382     0.00338   40591.648    -54122.2   81183.297
      0.384      0.0039   46755.799   -62341.06   93511.597
      0.386     0.00435   52179.673    -69572.9  104359.347
      0.388     0.00472   56585.705   -75447.61  113171.409
       0.39     0.00498    59745.38   -79660.51   119490.76
      0.392     0.00512   61487.965   -81983.95   122975.93
      0.394     0.00514   61706.584   -82275.45  123413.168
      0.396     0.00503   60361.458   -80481.94  120722.916
      0.398     0.00479   57480.221   -76640.29  114960.442
        0.4     0.00443   53155.356   -70873.81  106310.712
      0.402     0.00396   47563.907   -63418.54   95127.815
      0.404     0.00342   41032.428    -54709.9   82064.855
      0.406     0.00283   33945.512   -45260.68   67891.024
      0.408     0.00223   26703.501   -35604.67   53407.002
       0.41     0.00164  19705.1067  -26273.476   39410.213
      0.412     0.00111  13330.4653  -17773.954  26660.9306
      0.414   6.604E-04  7925.33127  -10567.108  15850.6625
      0.416   3.156E-04  3787.06091   -5049.415  7574.12182
      0.418   9.608E-05  1152.94598  -1537.2613  2305.89196
       0.42   1.595E-05   191.34023  -255.12031   382.68047
      0.422   8.225E-05   987.05471   -1316.073  1974.10943
      0.424   2.928E-04  3513.16105   -4684.215  7026.32211
      0.426   6.384E-04  7660.82938  -10214.439  15321.6588
      0.428      0.0011  13254.4122   -17672.55  26508.8244
       0.43     0.00167  20060.3004  -26747.067   40120.601
      0.432     0.00232   27798.061   -37064.08   55596.122
      0.434     0.00301   36153.345   -48204.46    72306.69
      0.436     0.00373   44791.969   -59722.63   89583.938
      0.438     0.00445   53374.556   -71166.07  106749.111
       0.44     0.00513   61571.097    -82094.8  123142.194
      0.442     0.00576   69065.344   -92087.13  138130.688
      0.444     0.00629   75539.878  -100719.84  151079.755
      0.446     0.00673   80717.863  -107623.82  161435.726
      0.448     0.00703   84383.374  -112511.17  168766.748
       0.45      0.0072   86389.337  -115185.78  172778.673
      0.452     0.00722   86662.374  -115549.83  173324.747
      0.454      0.0071   85204.416  -113605.89  170408.833
      0.456     0.00684   82091.073  -109454.76  164182.147
      0.458     0.00646   77466.893  -103289.19  154933.786
       0.46     0.00596   71537.791   -95383.72  143075.582
      0.462     0.00538   64555.465   -86073.95  129110.931
      0.464     0.00473   56789.221   -75718.96  113578.442
      0.466     0.00404    48530.71   -64707.61    97061.42
      0.468     0.00334   40086.551   -53448.73   80173.102
       0.47     0.00265    31764.96   -42353.28   63529.919
      0.472     0.00199  23862.5951   -31816.79    47725.19
      0.474     0.00139  16652.1622  -22202.883   33304.324
      0.476   8.643E-04  10371.2894  -13828.386  20742.5789
      0.478   4.344E-04  5213.13168   -6950.842  10426.2634
       0.48   1.099E-04  1319.06092  -1758.7479  2638.12185
      0.482  -1.005E-04  -1205.9161  1607.88815  -2411.8322
      0.484  -1.864E-04  -2236.3489  2981.79856   -4472.698
      0.486  -1.411E-04  -1692.8482  2257.13099   -3385.696
      0.488   3.628E-05   435.31484  -580.41979   870.62968
       0.49   3.409E-04  4091.16408   -5454.885  8182.32817
      0.492   7.628E-04  9153.83696  -12205.116  18307.6739
      0.494     0.00129  15445.0456  -20593.394  30890.0913
      0.496     0.00189  22737.8506  -30317.134   45475.701
      0.498     0.00256  30767.3257    -41023.1   61534.651
        0.5     0.00327   39242.622    -52323.5   78485.243
      0.502     0.00399   47835.804   -63781.07   95671.608
      0.504     0.00468   56125.046   -74833.39  112250.091
      0.506     0.00531   63686.304   -84915.07  127372.608
      0.508     0.00584   70135.263   -93513.68  140270.526
       0.51     0.00626   75142.877   -100190.5  150285.755
      0.512     0.00654    78448.25  -104597.67    156896.5
      0.514     0.00666   79868.341  -106491.12  159736.683
      0.516     0.00661   79304.165  -105738.89  158608.329
      0.518      0.0064   76743.269  -102324.36  153486.538
       0.52     0.00602   72258.493   -96344.66  144516.986
      0.522      0.0055    66012.37   -88016.49  132024.739
      0.524     0.00486   58275.874   -77701.17  116551.748
      0.526     0.00412   49387.042   -65849.39   98774.083
      0.528     0.00331   39726.032   -52968.04   79452.065
       0.53     0.00247  29698.0689   -39597.43   59396.138
      0.532     0.00164  19715.6672  -26287.556   39431.334
      0.534   8.484E-04  10180.9208  -13574.561  20361.8415
      0.536   1.224E-04  1468.58772   -1958.117  2937.17543
      0.538  -5.074E-04   -6089.304  8119.07243  -12178.609
       0.54    -0.00102  -12216.719  16288.9589  -24433.438
      0.542    -0.00139  -16704.216  22272.2884   -33408.43
      0.544    -0.00162    -19416.5  25888.6671     -38833.
      0.546    -0.00169  -20296.657    27062.21   -40593.31
      0.548    -0.00161  -19366.968  25822.6236   -38733.94
       0.55    -0.00139  -16726.327  22301.7692   -33452.65
      0.552    -0.00105   -12544.46  16725.9461  -25088.919
      0.554  -5.878E-04   -7053.234  9404.31252  -14106.469
      0.556  -4.463E-05  -535.51163   714.01551  -1071.0233
      0.558   5.573E-04  6687.95161   -8917.269  13375.9032
       0.56     0.00119  14272.9403  -19030.587  28545.8805
      0.562     0.00182  21861.3656  -29148.487   43722.731
      0.564     0.00242  29080.2915   -38773.72   58160.583
      0.566     0.00296   35574.688   -47432.92   71149.376
      0.568     0.00342   41027.681   -54703.57   82055.362
       0.57     0.00376   45173.263   -60231.02   90346.527
      0.572     0.00398   47806.577    -63742.1   95613.153
      0.574     0.00407   48791.376   -65055.17   97582.751
      0.576     0.00401   48064.423    -64085.9   96128.846
      0.578      0.0038   45636.677    -60848.9   91273.353
       0.58     0.00347     41591.3   -55455.07   83182.601
      0.582     0.00301   36082.341   -48109.79   72164.682
      0.584     0.00244   29337.715   -39116.95    58675.43
      0.586      0.0018  21636.9403  -28849.254   43273.881
      0.588     0.00111  13294.5048  -17726.006  26589.0096
       0.59   3.871E-04  4645.75387   -6194.338  9291.50775
      0.592  -3.307E-04   -3967.819   5290.4254   -7935.638
      0.594    -0.00102  -12213.242  16284.3227  -24426.484
      0.596    -0.00165  -19780.069  26373.4257   -39560.14
      0.598     -0.0022  -26393.138   35190.851   -52786.28
        0.6    -0.00265   -31823.56   42431.418   -63647.13
      0.602    -0.00299   -35898.46   47864.607   -71796.91
      0.604    -0.00321   -38509.89   51346.514   -77019.77
      0.606     -0.0033   -39615.39   52820.514   -79230.77
      0.608    -0.00327   -39237.49   52316.654   -78474.98
       0.61    -0.00312   -37461.45   49948.594   -74922.89
      0.612    -0.00287   -34430.28   45907.044   -68860.57
      0.614    -0.00253  -30337.544   40450.059   -60675.09
      0.616    -0.00212  -25417.999   33890.666     -50836.
      0.618    -0.00166  -19936.799  26582.3993    -39873.6
       0.62    -0.00118  -14177.561  18903.4152  -28355.123
      0.622  -7.013E-04    -8415.09  11220.1204  -16830.181
      0.624  -2.383E-04  -2859.8356  3813.11415   -5719.671
      0.626   1.921E-04  2305.57187  -3074.0958  4611.14374
      0.628   5.766E-04  6918.85947   -9225.146  13837.7189
       0.63   9.037E-04  10844.6045  -14459.473   21689.209
      0.632     0.00116  13979.4492  -18639.266  27958.8984
      0.634     0.00135  16255.8428  -21674.457   32511.686
      0.636     0.00147  17644.1819  -23525.576   35288.364
      0.638     0.00151  18153.2906  -24204.387   36306.581
       0.64     0.00149  17829.2545  -23772.339   35658.509
      0.642      0.0014  16756.9491  -22342.599   33513.898
      0.644     0.00126  15068.2753  -20091.034  30136.5507
      0.646     0.00108  12922.8834  -17230.511  25845.7667
      0.648   8.747E-04  10496.5896  -13995.453  20993.1792
       0.65   6.645E-04  7973.55723   -10631.41  15947.1145
      0.652   4.615E-04   5538.2814   -7384.375  11076.5628
      0.654   2.806E-04  3367.72569   -4490.301  6735.45138
      0.656   1.353E-04  1623.94068  -2165.2542  3247.88137
      0.658   3.729E-05   447.46976  -596.62634   894.93951
       0.66  -4.016E-06   -48.19399    64.25865   -96.38798
      0.662   1.816E-05   217.88293  -290.51057   435.76586
      0.664   1.073E-04  1287.63517  -1716.8469  2575.27035
      0.666   2.639E-04  3166.68962   -4222.253  6333.37924
      0.668   4.855E-04  5826.09245   -7768.123  11652.1849
       0.67   7.670E-04   9204.2531  -12272.337  18408.5062
      0.672      0.0011  13210.2378   -17613.65  26420.4757
      0.674     0.00148   17728.248  -23637.664   35456.496
      0.676     0.00189  22623.0633  -30164.084   45246.127
      0.678     0.00231  27746.1961   -36994.93   55492.392
       0.68     0.00275   32942.489   -43923.32   65884.978
      0.682     0.00317   38054.515   -50739.35   76109.031
      0.684     0.00358   42922.363   -57229.82   85844.726
      0.686     0.00395   47397.489   -63196.65   94794.977
      0.688     0.00428   51351.129   -68468.17  102702.258
       0.69     0.00456   54679.375   -72905.83  109358.751
      0.692     0.00478   57307.089   -76409.45  114614.179
      0.694     0.00493   59190.511   -78920.68  118381.022
      0.696     0.00503   60318.477   -80424.64  120636.954
      0.698     0.00506   60712.227   -80949.64  121424.454
        0.7     0.00504   60423.828    -80565.1  120847.657
      0.702     0.00496   59526.398   -79368.53  119052.796
      0.704     0.00484    58089.96   -77453.28  116179.919
      0.706     0.00468   56199.191   -74932.25  112398.381
      0.708      0.0045   53956.375   -71941.83  107912.749
       0.71     0.00429   51476.684   -68635.58  102953.367
      0.712     0.00407    48883.01   -65177.35    97766.02
      0.714     0.00386   46300.572    -61734.1   92601.145
      0.716     0.00365   43851.534   -58468.71   87703.069
      0.718     0.00347   41649.867   -55533.16   83299.734
       0.72     0.00332   39796.662   -53062.22   79593.324
      0.722      0.0032    38357.48   -51143.31    76714.96
      0.724     0.00311   37304.996   -49739.99   74609.991
      0.726     0.00305   36577.556   -48770.07   73155.112
      0.728     0.00301   36100.934   -48134.58   72201.868
       0.73     0.00298   35791.749   -47722.33   71583.498
      0.732     0.00296   35561.206   -47414.94   71122.411
      0.734     0.00294   35318.985   -47091.98   70637.969
      0.736     0.00291   34977.122   -46636.16   69954.243
      0.738     0.00287   34453.705   -45938.27   68907.409
       0.74     0.00281   33676.236   -44901.65   67352.473
      0.742     0.00272   32617.589   -43490.12   65235.178
      0.744     0.00262  31394.4333   -41859.24   62788.867
      0.746     0.00251  30160.7631   -40214.35   60321.526
      0.748     0.00242  29067.8521   -38757.14   58135.704
       0.75     0.00235  28257.8675   -37677.16   56515.735
      0.752     0.00232  27858.0039   -37144.01   55716.008
      0.754     0.00233  27975.3748    -37300.5    55950.75
      0.756     0.00239  28692.8634   -38257.15   57385.727
      0.758     0.00251  30066.0923   -40088.12   60132.185
       0.76     0.00268   32121.617   -42828.82   64243.233
      0.762      0.0029   34837.774   -46450.37   69675.548
      0.764     0.00317   38091.307   -50788.41   76182.615
      0.766     0.00348   41720.191   -55626.92   83440.382
      0.768      0.0038   45549.745   -60732.99    91099.49
       0.77     0.00412   49400.339   -65867.12   98800.678
      0.772     0.00442   53095.138   -70793.52  106190.275
      0.774     0.00471   56467.578    -75290.1  112935.156
      0.776     0.00495   59368.253   -79157.67  118736.506
      0.778     0.00514   61670.916   -82227.89  123341.832
       0.78     0.00527   63277.387   -84369.85  126554.774
      0.782     0.00534   64114.218   -85485.62  128228.437
      0.784     0.00534   64114.725    -85486.3   128229.45
      0.786     0.00527   63242.349   -84323.13  126484.698
      0.788     0.00512   61498.458   -81997.94  122996.915
       0.79     0.00491   58921.502     -78562.  117843.004
      0.792     0.00463   55584.623   -74112.83  111169.245
      0.794      0.0043   51591.816   -68789.09  103183.633
      0.796     0.00392   47072.875   -62763.83    94145.75
      0.798     0.00351   42177.326   -56236.43   84354.652
        0.8     0.00309    37067.66   -49423.55    74135.32
      0.802     0.00266     31909.8    -42546.4     63819.6
      0.804     0.00224  26858.9995     -35812.   53717.999
      0.806     0.00184  22060.4374  -29413.917   44120.875
      0.808     0.00147   17645.565   -23527.42    35291.13
       0.81     0.00114  13726.7886  -18302.385  27453.5772
      0.812   8.661E-04  10393.0777  -13857.437  20786.1555
      0.814   6.422E-04  7706.65798  -10275.544   15413.316
      0.816   4.751E-04  5700.90871   -7601.212  11401.8174
      0.818   3.650E-04  4379.53547   -5839.381  8759.07093
       0.82   3.098E-04  3717.02273    -4956.03  7434.04547
      0.822   3.049E-04  3659.08875   -4878.785  7318.17751
      0.824   3.435E-04  4121.92678   -5495.902  8243.85355
      0.826   4.167E-04  5000.05624   -6666.742  10000.1125
      0.828   5.144E-04  6172.48023   -8229.974  12344.9605
       0.83   6.257E-04  7508.15761  -10010.877  15016.3152
      0.832   7.393E-04  8871.78988  -11829.053  17743.5798
      0.834   8.441E-04  10129.6708  -13506.228  20259.3416
      0.836   9.296E-04  11155.3475  -14873.797  22310.6949
      0.838   9.862E-04  11834.8564  -15779.809  23669.7129
       0.84     0.00101    12071.32  -16095.093    24142.64
      0.842   9.824E-04  11788.7203  -15718.294  23577.4407
      0.844   9.112E-04   10934.708  -14579.611  21869.4161
      0.846   7.902E-04  9482.34447  -12643.126  18964.6889
      0.848   6.192E-04  7430.72644   -9907.635  14861.4529
       0.85   4.004E-04  4804.48922   -6405.986  9608.97844
      0.852   1.377E-04  1652.23217  -2202.9762  3304.46435
      0.854  -1.630E-04  -1956.0438  2608.05837   -3912.088
      0.856  -4.944E-04   -5932.357  7909.80977  -11864.715
      0.858  -8.479E-04  -10174.863  13566.4846  -20349.727
       0.86    -0.00121  -14572.476  19429.9674  -29144.951
      0.862    -0.00158  -19008.554  25344.7382   -38017.11
      0.864    -0.00195  -23362.324  31149.7654   -46724.65
      0.866    -0.00229  -27517.782   36690.376   -55035.56
      0.868    -0.00261  -31369.754   41826.338   -62739.51
       0.87     -0.0029   -34828.15   46437.537   -69656.31
      0.872    -0.00315   -37821.51   50428.676   -75643.01
      0.874    -0.00336   -40299.62   53732.824   -80599.24
      0.876    -0.00352   -42235.26   56313.682   -84470.52
      0.878    -0.00364   -43624.88   58166.501   -87249.75
       0.88    -0.00371   -44488.22   59317.632   -88976.45
      0.882    -0.00374   -44864.73   59819.641   -89729.46
      0.884    -0.00373   -44804.43   59739.244   -89608.87
      0.886     -0.0037   -44372.62   59163.491   -88745.24
      0.888    -0.00364   -43649.05   58198.737   -87298.11
       0.89    -0.00356   -42724.29   56965.719   -85448.58
      0.892    -0.00347   -41695.58   55594.111   -83391.17
      0.894    -0.00339   -40662.62   54216.823   -81325.23
      0.896    -0.00331   -39723.21   52964.276   -79446.41
      0.898    -0.00325   -38969.17   51958.893   -77938.34
        0.9    -0.00321   -38482.54   51310.056   -76965.08
      0.902    -0.00319   -38329.06   51105.408   -76658.11
      0.904    -0.00321   -38546.09   51394.791   -77092.19
      0.906    -0.00326   -39151.29   52201.721   -78302.58
      0.908    -0.00335   -40145.39   53527.191   -80290.79
       0.91    -0.00346   -41512.57   55350.092   -83025.14
      0.912     -0.0036   -43221.42   57628.564   -86442.85
      0.914    -0.00377   -45226.66   60302.209   -90453.31
      0.916    -0.00396   -47471.28   63295.041   -94942.56
      0.918    -0.00416   -49889.28   66519.044   -99778.57
       0.92    -0.00437   -52408.63   69878.168  -104817.25
      0.922    -0.00458   -54950.64   73267.523  -109901.28
      0.924    -0.00479   -57422.26   76563.008  -114844.51
      0.926    -0.00498   -59731.55   79642.061  -119463.09
      0.928    -0.00515    -61795.4   82393.861  -123590.79
       0.93     -0.0053   -63542.85   84723.801   -127085.7
      0.932    -0.00541   -64917.89   86557.185  -129835.78
      0.934    -0.00549    -65881.5      87842.    -131763.
      0.936    -0.00553     -66413.   88550.665    -132826.
      0.938    -0.00554   -66510.53     88680.7  -133021.05
       0.94    -0.00552   -66190.74    88254.32  -132381.48
      0.942    -0.00546   -65483.74   87311.657  -130967.49
      0.944    -0.00537   -64419.67   85892.888  -128839.33
      0.946    -0.00525   -63039.28   84052.372  -126078.56
      0.948    -0.00512   -61395.99   81861.314  -122791.97
       0.95    -0.00496   -59553.28   79404.379  -119106.57
      0.952     -0.0048   -57581.86   76775.817  -115163.73
      0.954    -0.00463   -55556.43   74075.246  -111112.87
      0.956    -0.00446   -53552.48   71403.302  -107104.95
      0.958     -0.0043     -51643.   68857.333    -103286.
       0.96    -0.00416   -49895.49    66527.32   -99790.98
      0.962    -0.00403   -48365.35   64487.138   -96730.71
      0.964    -0.00392   -47082.54   62776.714   -94165.07
      0.966    -0.00384   -46062.08   61416.105   -92124.16
      0.968    -0.00378   -45307.54   60410.057   -90615.09
       0.97    -0.00373   -44811.09   59748.121   -89622.18
      0.972    -0.00371   -44554.06   59405.407   -89108.11
      0.974    -0.00371   -44507.96   59343.944   -89015.92
      0.976    -0.00372   -44635.92   59514.562   -89271.84
      0.978    -0.00374   -44894.42   59859.221   -89788.83
       0.98    -0.00377   -45235.25   60313.663   -90470.49
      0.982     -0.0038   -45604.48   60805.971   -91208.96
      0.984    -0.00383   -45935.26   61247.013   -91870.52
      0.986    -0.00385   -46160.56    61547.41   -92321.11
      0.988    -0.00385   -46219.21   61625.613   -92438.42
       0.99    -0.00384   -46058.41   61411.213   -92116.82
      0.992     -0.0038   -45635.78   60847.709   -91271.56
      0.994    -0.00374   -44920.97   59894.629   -89841.94
      0.996    -0.00366   -43896.69   58528.925   -87793.39
      0.998    -0.00355    -42559.2   56745.594   -85118.39
         1.    -0.00341   -40918.14    54557.52   -81836.28
      1.002    -0.00325   -39004.94   52006.581   -78009.87
