0
22661.24625
43104.25183
73661.24627
69744.14453
86666.66667
85077.47787
73661.24627
80104.25183
66994.57959
63333.33333
61733.33333
41833.33333
16994.57959
104.2518333
0
-30077.47787
-15000
-33333.33333
-45327.9
-26666.66667
-52966.91
-63333.33333
-56666.66667
-40000
-60000
-36666.66667
-30000
-23333.33333
-6666.666667
3333.333333
15000
0
-22661.24625
-43104.25183
-59327.91293
-63077.47787
-33333.33333
-63077.47787
-59327.91293
-43104.25183
-22661.24625
0
22661.24625
43104.25183
59327.91293
69744.14453
73333.33333
69744.14453
59327.91293
43104.25183
