 
 SAP2000 v24.2.0 File: 2STORY-DYNAMIC-INELASTIC  N, m, C Units  PAGE 1
 m/d/yy h:mm:ss
 
 T I M E   H I S T O R Y   D A T A 
 
 CASE  nonlinear-0.002
 FUNCTION  disp-10-x:  Joint 10  Displacement  UX    
 FUNCTION  moment-2-0:  Frame 2  Station 1  Moment 3-3    
 FUNCTION  moment-2-1:  Frame 2  Station 3  Moment 3-3    
 
       TIME    FUNCTION    FUNCTION    FUNCTION
              disp-10-x  moment-2-0  moment-2-1
         0.          0.          0.          0.
      0.002          0.     0.10569    -0.21111
      0.004          0.     0.63473    -1.26591
      0.006          0.     2.01631    -4.00832
      0.008          0.     4.70666    -9.29619
       0.01          0.     9.24101   -18.04148
      0.012          0.    16.32248   -31.28165
      0.014          0.    26.92821    -50.2658
      0.016   2.106E-06    42.38537   -76.51661
      0.018   4.423E-06      64.361  -111.82214
       0.02   8.340E-06    94.73644  -158.13336
      0.022   1.437E-05   135.37662  -217.36294
      0.024   2.295E-05   187.86901  -291.15829
      0.026   3.436E-05   253.32955  -380.75336
      0.028   4.872E-05   332.31001  -486.90325
       0.03   6.596E-05   424.81639  -609.89778
      0.032   8.587E-05   530.43878  -749.66649
      0.034   1.082E-04   648.56475  -905.95173
      0.036   1.327E-04    778.6333  -1078.5146
      0.038   1.592E-04   920.37183  -1267.3267
       0.04   1.877E-04  1073.95241  -1472.6965
      0.042   2.184E-04  1240.06994  -1695.3875
      0.044   2.517E-04  1419.89425  -1936.6336
      0.046   2.879E-04  1614.85069  -2197.9012
      0.048   3.274E-04  1826.39846  -2480.6505
       0.05   3.707E-04  2055.91636  -2786.2405
      0.052   4.181E-04   2304.6689  -3115.9024
      0.054   4.701E-04  2573.82957   -3470.759
      0.056   5.268E-04  2864.51502   -3851.855
      0.058   5.889E-04  3177.78859   -4260.158
       0.06   6.564E-04  3514.61233   -4696.521
      0.062   7.298E-04  3875.59118   -5161.281
      0.064   8.093E-04   4260.6946   -5653.846
      0.066   8.948E-04  4669.31446   -6172.935
      0.068   9.864E-04  5100.37194   -6716.861
       0.07     0.00108  5552.33129   -7283.545
      0.072     0.00119  6023.27791   -7870.578
      0.074     0.00129  6511.04509   -8475.334
      0.076     0.00141  7013.37558   -9095.094
      0.078     0.00152  7528.10874   -9727.205
       0.08     0.00164  8053.37678  -10369.232
      0.082     0.00177  8587.87114  -11019.295
      0.084     0.00189  9131.03258  -11676.334
      0.086     0.00202  9682.93636  -12339.909
      0.088     0.00216  10244.0756  -13009.904
       0.09      0.0023  10815.1921  -13686.397
      0.092     0.00245  11397.1189  -14369.534
      0.094      0.0026  11990.6656  -15059.443
      0.096     0.00275  12596.5303   -15756.17
      0.098     0.00292  13215.2039  -16459.602
        0.1     0.00309  13846.8541  -17169.383
      0.102     0.00327  14491.1288  -17884.645
      0.104     0.00345  15147.0127   -18603.79
      0.106     0.00364  15812.9361  -19324.684
      0.108     0.00384  16486.9506  -20044.899
       0.11     0.00404  17166.8537   -20761.82
      0.112     0.00425  17850.3264  -21472.758
      0.114     0.00447  18535.0861   -22175.07
      0.116     0.00469  19219.0676   -22866.31
      0.118     0.00491  19900.6159  -23544.394
       0.12     0.00514  20578.6411  -24207.721
      0.122     0.00537  21252.6323  -24855.141
      0.124     0.00561  21922.5447  -25485.808
      0.126     0.00585  22588.6702  -26099.133
      0.128      0.0061  23251.4442  -26694.686
       0.13     0.00636  23911.1814  -27271.988
      0.132     0.00662   24567.814  -27830.298
      0.134     0.00689  25220.6617   -28368.43
      0.136     0.00717  25868.2915   -28884.64
      0.138     0.00745  26508.5305  -29376.635
       0.14     0.00773  27138.6631   -29841.74
      0.142     0.00803   27755.856  -30277.337
      0.144     0.00832  28357.6282  -30681.356
      0.146     0.00862  28942.0943  -31052.363
      0.148     0.00892  29508.0968  -31389.574
       0.15     0.00923  30055.3129   -31692.93
      0.152     0.00954  30584.2803   -31963.14
      0.154     0.00985  31096.3431   -32201.59
      0.156     0.01017  31593.4933   -32410.27
      0.158     0.01049   32078.094   -32591.52
       0.16     0.01082   32552.522   -32747.71
      0.162     0.01115   33018.716   -32880.83
      0.164     0.01149    33477.81   -32992.03
      0.166     0.01184   33930.057   -33081.68
      0.168      0.0122   34374.853   -33149.52
       0.17     0.01256    34810.75   -33194.65
      0.172     0.01293   35235.542   -33215.64
      0.174      0.0133   35646.464   -33210.61
      0.176     0.01368   36040.525   -33177.59
      0.178     0.01406   36414.935   -33114.81
       0.18     0.01445   36767.555   -33021.07
      0.182     0.01483   37097.293   -32896.13
      0.184     0.01522   37404.348    -32740.9
      0.186     0.01561   37690.187   -32557.43
      0.188       0.016    37957.33   -32348.62
       0.19      0.0164    38209.03   -32118.02
      0.192      0.0168   38448.817   -31869.38
      0.194      0.0172   38679.978  -31606.296
      0.196     0.01761   38905.073  -31331.771
      0.198     0.01803   39125.605  -31047.981
        0.2     0.01845   39341.891  -30756.159
      0.202     0.01888   39553.169  -30456.697
      0.204     0.01932   39757.867  -30149.368
      0.206     0.01976   39953.951  -29833.602
      0.208      0.0202   40139.323  -29508.791
       0.21     0.02064   40312.242  -29174.617
      0.212     0.02109   40471.694  -28831.351
      0.214     0.02154   40617.669  -28480.067
      0.216     0.02198   40751.266  -28122.718
      0.218     0.02243   40874.629  -27762.078
       0.22     0.02288   40990.722  -27401.558
      0.222     0.02334   41102.924  -27044.766
      0.224     0.02379   41214.573  -26695.038
      0.226     0.02426   41328.651  -26355.289
      0.228     0.02472   41447.467  -26027.855
       0.23      0.0252   41572.286    -25714.2
      0.232     0.02567   41703.068  -25414.706
      0.234     0.02615   41838.385  -25128.605
      0.236     0.02664    41975.57    -24854.1
      0.238     0.02713   42111.094  -24588.677
       0.24     0.02762   42241.123  -24329.548
      0.242      0.0281   42362.137  -24074.124
      0.244     0.02859   42471.529  -23820.471
      0.246     0.02907   42568.095  -23567.731
      0.248     0.02955   42652.294  -23316.352
       0.25     0.03003   42726.142  -23068.002
      0.252      0.0305   42792.802  -22825.227
      0.254     0.03098   42855.931  -22590.921
      0.256     0.03145   42918.946  -22367.727
      0.258     0.03193   42984.382  -22157.516
       0.26      0.0324   43053.454  -21961.045
      0.262     0.03288   43125.926  -21777.897
      0.264     0.03336   43200.245  -21606.641
      0.266     0.03384   43273.798   -21445.01
      0.268     0.03431   43343.325  -21290.191
       0.27     0.03479   43405.421  -21139.243
      0.272     0.03525   43457.027  -20989.496
      0.274     0.03572   43495.833  -20838.874
      0.276     0.03617   43520.543  -20686.108
      0.278     0.03662   43530.996  -20530.825
       0.28     0.03707   43528.149  -20373.531
      0.282      0.0375   43514.029  -20215.658
      0.284     0.03793   43491.574  -20059.519
      0.286     0.03836   43464.206  -19907.867
      0.288     0.03878   43435.325  -19763.388
       0.29      0.0392   43407.859  -19628.331
      0.292     0.03961   43383.867  -19504.201
      0.294     0.04002   43364.294  -19391.565
      0.296     0.04043   43348.899  -19290.011
      0.298     0.04084   43336.355  -19198.237
        0.3     0.04124   43324.509  -19114.275
      0.302     0.04163    43310.62  -19035.528
      0.304     0.04202   43291.688   -18958.87
      0.306      0.0424   43265.085  -18881.331
      0.308     0.04277     43229.1  -18800.692
       0.31     0.04313   43183.123   -18715.63
      0.312     0.04348   43127.571  -18625.643
      0.314     0.04382   43063.557   -18530.77
      0.316     0.04416   42992.439  -18431.218
      0.318     0.04448   42915.388  -18327.009
       0.32      0.0448   42833.086  -18217.738
      0.322      0.0451   42745.783   -18102.88
      0.324      0.0454   42653.489  -17982.216
      0.326     0.04569   42555.853  -17855.492
      0.328     0.04597   42452.137  -17722.163
       0.33     0.04624   42341.493  -17581.633
      0.332      0.0465   42223.308  -17433.536
      0.334     0.04675   42097.531  -17278.009
      0.336     0.04698   41964.888  -17115.863
      0.338     0.04721   41826.918  -16948.612
       0.34     0.04742   41685.842  -16778.345
      0.342     0.04763   41544.149    -16607.2
      0.344     0.04782   41404.151  -16436.801
      0.346       0.048   41267.846  -16268.322
      0.348     0.04818   41136.796  -16102.568
       0.35     0.04834    41011.86  -15939.764
      0.352      0.0485   40892.976  -15779.376
      0.354     0.04865   40779.035  -15620.022
      0.356     0.04879   40667.916   -15459.51
      0.358     0.04891   40556.698  -15295.024
       0.36     0.04903   40442.049  -15123.456
      0.362     0.04913   40320.734  -14941.864
      0.364     0.04921   40190.151   -14747.95
      0.366     0.04929   40048.731  -14540.353
      0.368     0.04934   39896.201  -14318.815
       0.37     0.04939   39733.646  -14084.234
      0.372     0.04941   39563.337  -13838.503
      0.374     0.04943   39388.322  -13584.167
      0.376     0.04943   39211.864  -13323.959
      0.378     0.04942   39036.857  -13060.315
       0.38      0.0494   38865.329  -12794.964
      0.382     0.04937   38698.263  -12528.965
      0.384     0.04932   38535.648  -12262.914
      0.386     0.04927   38376.451  -11996.758
      0.388      0.0492   38218.791  -11729.777
       0.39     0.04912   38060.416  -11460.974
      0.392     0.04902   37899.281  -11189.556
      0.394     0.04891   37734.121  -10915.402
      0.396     0.04879   37564.893  -10639.426
      0.398     0.04865    37392.97  -10363.731
        0.4      0.0485   37221.041  -10091.524
      0.402     0.04834   37052.565   -9826.411
      0.404     0.04816   36891.066   -9571.562
      0.406     0.04797   36739.807   -9329.689
      0.408     0.04778   36601.481   -9103.026
       0.41     0.04757   36477.722    -8892.93
      0.412     0.04735   36368.698    -8699.54
      0.414     0.04713    36272.84   -8521.555
      0.416      0.0469   36186.814   -8356.215
      0.418     0.04665   36105.812   -8199.545
       0.42     0.04639   36024.145   -8046.849
      0.422     0.04612   35936.109   -7893.519
      0.424     0.04583   35836.886   -7735.868
      0.426     0.04553   35723.182   -7571.572
      0.428     0.04521   35593.641   -7399.915
       0.43     0.04488   35449.036    -7221.95
      0.432     0.04452   35292.129   -7040.363
      0.434     0.04416    35127.18   -6859.068
      0.436     0.04378   34959.177   -6682.559
      0.438     0.04339   34792.913    -6515.15
       0.44     0.04299   34632.109   -6360.238
      0.442     0.04259   34478.828   -6219.925
      0.444     0.04217   34333.222   -6094.892
      0.446     0.04175   34193.459   -5984.259
      0.448     0.04132   34055.968   -5885.693
       0.45     0.04088   33916.024   -5795.899
      0.452     0.04043   33768.532   -5711.266
      0.454     0.03996   33608.887   -5628.582
      0.456     0.03948   33433.764   -5545.687
      0.458     0.03899   33241.653   -5461.914
       0.46     0.03848   33033.053   -5378.244
      0.462     0.03796   32810.353    -5297.25
      0.464     0.03743    32577.45   -5222.834
      0.466     0.03688   32339.124    -5159.63
      0.468     0.03633   32100.326   -5112.356
       0.47     0.03577   31865.515   -5085.257
      0.472     0.03521   31638.063   -5081.602
      0.474     0.03464  31419.8085   -5103.319
      0.476     0.03407   31210.864   -5150.843
      0.478     0.03349  31009.6743   -5223.172
       0.48     0.03291  30813.2906   -5318.116
      0.482     0.03232    30617.62    -5432.31
      0.484     0.03172  30417.7738   -5561.321
      0.486     0.03112  30208.8329   -5700.483
      0.488     0.03051  29986.6351   -5845.752
       0.49     0.02988  29748.2948   -5994.129
      0.492     0.02925  29492.4747   -6143.872
      0.494     0.02861  29219.3162   -6294.417
      0.496     0.02797  28930.0632   -6446.057
      0.498     0.02731  28626.5266   -6599.479
        0.5     0.02665   28310.545   -6755.313
      0.502     0.02598  27983.7327   -6914.162
      0.504      0.0253  27647.3172   -7076.709
      0.506     0.02463  27301.6676   -7243.102
      0.508     0.02394  26945.9778   -7412.464
       0.51     0.02326  26578.3997   -7583.018
      0.512     0.02257  26196.4554   -7752.447
      0.514     0.02187  25797.6286   -7918.389
      0.516     0.02117   25379.932   -8078.922
      0.518     0.02046  24942.2691   -8232.862
       0.52     0.01975  24484.5338   -8379.849
      0.522     0.01903  24007.4397   -8520.108
      0.524     0.01831  23512.2595   -8654.138
      0.526     0.01758  23000.6775   -8782.671
      0.528     0.01685  22474.5826   -8906.577
       0.53     0.01612  21935.7196    -9026.57
      0.532     0.01539  21385.3359   -9142.906
      0.534     0.01465  20823.9285   -9255.168
      0.536     0.01391  20251.1588   -9362.202
      0.538     0.01318  19665.9122   -9462.172
       0.54     0.01244  19066.4225   -9552.675
      0.542      0.0117  18450.4122   -9630.867
      0.544     0.01095  17815.2735   -9693.636
      0.546     0.01021   17158.353   -9737.847
      0.548     0.00946  16477.3423   -9760.679
       0.55     0.00871  15770.6818   -9759.964
      0.552     0.00795  15037.8353   -9734.412
      0.554      0.0072  14279.3483   -9683.656
      0.556     0.00644  13496.7035   -9608.126
      0.558     0.00567   12692.051    -9508.82
       0.56     0.00491  11867.8746   -9387.018
      0.562     0.00415  11026.6527   -9244.054
      0.564     0.00339   10170.478   -9081.047
      0.566     0.00262  9300.61503   -8898.483
      0.568     0.00186  8417.22217    -8695.93
       0.57      0.0011   7519.3993   -8472.081
      0.572   3.385E-04  6605.51315   -8225.033
      0.574  -4.224E-04  5673.67472    -7952.69
      0.576    -0.00118   4722.1997   -7653.149
      0.578    -0.00195  3749.94506   -7325.002
       0.58    -0.00271  2756.51161   -6967.506
      0.582    -0.00347  1742.31579   -6580.624
      0.584    -0.00424   708.56878   -6164.973
      0.586      -0.005  -342.80559   -5721.797
      0.588    -0.00576  -1409.3903   -5252.815
       0.59    -0.00652  -2488.6081   -4759.932
      0.592    -0.00729   -3578.031   -4244.972
      0.594    -0.00804   -4675.588   -3709.488
      0.596     -0.0088   -5779.669  -3154.6593
      0.598    -0.00956   -6889.198  -2581.2244
        0.6    -0.01031   -8003.714  -1989.4098
      0.602    -0.01106   -9123.414  -1378.9088
      0.604    -0.01181  -10249.092  -748.95925
      0.606    -0.01255  -11381.915   -98.53377
      0.608     -0.0133  -12523.079   573.36399
       0.61    -0.01404  -13673.433  1267.37163
      0.612    -0.01478  -14833.177  1983.50563
      0.614    -0.01552  -16001.656  2720.99245
      0.616    -0.01626  -17177.266  3478.18777
      0.618      -0.017  -18357.454  4252.59351
       0.62    -0.01774   -19538.89  5041.01269
      0.622    -0.01847  -20717.959  5840.11741
      0.624     -0.0192  -21891.385  6647.13543
      0.626    -0.01993  -23056.633   7460.0376
      0.628    -0.02065  -24212.146  8277.59773
       0.63    -0.02137    -25357.5  9099.52038
      0.632    -0.02208  -26493.388  9926.42122
      0.634    -0.02279  -27621.501  10759.7189
      0.636     -0.0235  -28744.321  11601.4525
      0.638    -0.02421  -29864.781  12453.9874
       0.64    -0.02491  -30985.773  13319.5934
      0.642    -0.02561   -32109.61  14200.0308
      0.644    -0.02632   -33237.57  15096.2157
      0.646    -0.02702   -34369.61   16007.945
      0.648    -0.02772   -35504.41  16933.8624
       0.65    -0.02842   -36639.56  17871.6776
      0.652    -0.02912   -37771.98  18818.4903
      0.654    -0.02982   -38898.35  19771.1771
      0.656    -0.03052   -40015.63  20726.8302
      0.658    -0.03121   -41121.59  21683.2048
       0.66     -0.0319    -42215.2   22639.066
      0.662    -0.03258   -43296.81  23594.2955
      0.664    -0.03327   -44367.97  24549.7288
      0.666    -0.03395   -45431.01  25506.8368
      0.668    -0.03463   -46488.63  26467.3443
       0.67    -0.03531   -47543.46  27432.8697
      0.672    -0.03599    -48597.7  28404.6282
      0.674    -0.03666    -49652.8  29383.1704
      0.676    -0.03734   -50709.24  30368.1627
      0.678    -0.03802   -51766.34  31358.2719
       0.68     -0.0387   -52822.32   32351.227
      0.682    -0.03938   -53874.59   33344.022
      0.684    -0.04006   -54920.08   34333.217
      0.686    -0.04074    -55955.7   35315.315
      0.688    -0.04142   -56978.62   36287.079
       0.69    -0.04209   -57986.65   37245.788
      0.692    -0.04276   -58978.46   38189.475
      0.694    -0.04343   -59953.84   39117.123
      0.696    -0.04409   -60913.77    40028.73
      0.698    -0.04475   -61860.24    40925.14
        0.7    -0.04541   -62795.82   41807.696
      0.702    -0.04607   -63723.13   42677.689
      0.704    -0.04673   -64644.25   43535.848
      0.706    -0.04739   -65560.47   44382.158
      0.708    -0.04805   -66472.07   45215.751
       0.71    -0.04871   -67378.11   46034.768
      0.712    -0.04936   -68276.41   46836.317
      0.714    -0.05002   -69163.71   47616.638
      0.716    -0.05068   -70036.08   48371.463
      0.718    -0.05133   -70889.51   49096.528
       0.72    -0.05198   -71720.52   49788.076
      0.722    -0.05262   -72526.46   50442.925
      0.724    -0.05326   -73305.59   51058.387
      0.726     -0.0539   -74057.37   51632.661
      0.728    -0.05453   -74782.55   52165.085
       0.73    -0.05515   -75482.82   52655.891
      0.732    -0.05577   -76160.33    53105.73
      0.734    -0.05639   -76680.81   53242.864
      0.736      -0.057   -76942.81    52862.38
      0.738    -0.05761   -77213.18   52497.777
       0.74    -0.05822   -77490.75   52148.504
      0.742    -0.05882   -77773.52     51813.9
      0.744    -0.05941   -78058.67   51492.546
      0.746       -0.06   -78343.23   51182.842
      0.748    -0.06058   -78624.63   50883.441
       0.75    -0.06115   -78901.03   50593.442
      0.752    -0.06171    -79171.8   50312.693
      0.754    -0.06227   -79437.99   50042.098
      0.756    -0.06281    -79702.4   49783.679
      0.758    -0.06335    -79969.3   49540.298
       0.76    -0.06388   -80243.69    49315.17
      0.762    -0.06441   -80530.59   49111.563
      0.764    -0.06493    -80826.7   48917.054
      0.766    -0.06545   -81122.35   48708.135
      0.768    -0.06598   -81276.85   48438.917
       0.77     -0.0665   -81276.85   48103.829
      0.772    -0.06701   -81276.85   47758.458
      0.774    -0.06753   -81276.85    47402.94
      0.776    -0.06803   -81276.85   47034.275
      0.778    -0.06853   -81276.85   46650.877
       0.78    -0.06903   -81276.85   46252.117
      0.782    -0.06951   -81276.85   45838.406
      0.784    -0.06998   -81276.85   45408.002
      0.786    -0.07044   -81276.85   44963.592
      0.788    -0.07089   -81276.85   44507.222
       0.79    -0.07133   -81276.85   44043.144
      0.792    -0.07176   -81276.85   43576.106
      0.794    -0.07218   -81276.85   43110.054
      0.796    -0.07261   -81276.85   42647.646
      0.798    -0.07303   -81276.85   42190.627
        0.8    -0.07344   -81276.85   41740.264
      0.802    -0.07385   -81276.85   41297.132
      0.804    -0.07426   -81276.85   40865.024
      0.806    -0.07466   -81276.85   40438.088
      0.808    -0.07505   -81276.85   40013.393
       0.81    -0.07543   -81276.85    39589.46
      0.812     -0.0758   -81276.85   39166.087
      0.814    -0.07615   -81276.85    38744.42
      0.816     -0.0765   -81276.85   38324.334
      0.818    -0.07683   -81276.85   37908.596
       0.82    -0.07714   -81276.85   37497.536
      0.822    -0.07745   -81276.85   37095.776
      0.824    -0.07775   -81276.85   36704.848
      0.826    -0.07803   -81276.85   36329.628
      0.828    -0.07831   -81276.85   35970.204
       0.83    -0.07859   -81276.85   35630.097
      0.832    -0.07886   -81276.85   35308.243
      0.834    -0.07912   -81276.85    35007.01
      0.836    -0.07937   -81276.85   34725.552
      0.838    -0.07962   -81276.85   34462.201
       0.84    -0.07985   -81276.85   34214.417
      0.842    -0.08007   -81276.85   33979.595
      0.844    -0.08028   -81276.85   33756.095
      0.846    -0.08047   -81276.85   33542.923
      0.848    -0.08065   -81276.85   33339.906
       0.85    -0.08081   -81276.85     33147.6
      0.852    -0.08095   -81276.85   32966.613
      0.854    -0.08109   -81276.85   32800.266
      0.856    -0.08121   -81276.85   32651.926
      0.858    -0.08132   -81276.85    32523.61
       0.86    -0.08142   -81276.85   32417.579
      0.862    -0.08151   -81276.85   32333.799
      0.864     -0.0816   -81276.85   32272.195
      0.866    -0.08168   -81276.85   32231.802
      0.868    -0.08174   -81276.85   32211.143
       0.87     -0.0818   -81276.85   32207.218
      0.872    -0.08184   -81276.85   32216.706
      0.874    -0.08187   -81276.85   32236.257
      0.876    -0.08188   -81276.85   32264.008
      0.878    -0.08187   -81265.54   32294.031
       0.88    -0.08185   -81227.05   32320.484
      0.882    -0.08181   -81161.38    32342.44
      0.884    -0.08175   -81070.14   32359.806
      0.886    -0.08168   -80958.14   32376.948
      0.888    -0.08159   -80829.93   32396.957
       0.89     -0.0815   -80690.96    32425.09
      0.892    -0.08139   -80544.34   32463.078
      0.894    -0.08127   -80392.23   32512.321
      0.896    -0.08114   -80234.47   32571.634
      0.898      -0.081   -80068.76   32638.059
        0.9    -0.08085    -79891.2   32708.505
      0.902    -0.08069   -79694.91   32776.339
      0.904    -0.08051   -79470.67   32831.442
      0.906    -0.08032   -79212.87   32870.223
      0.908    -0.08011   -78913.84   32882.705
       0.91    -0.07988   -78573.17   32870.497
      0.912    -0.07963    -78190.3   32831.952
      0.914    -0.07936    -77767.7   32768.778
      0.916    -0.07908    -77309.3   32683.389
      0.918    -0.07878    -76820.5    32579.45
       0.92    -0.07846   -76307.42   32461.551
      0.922    -0.07814     -75775.   32332.891
      0.924     -0.0778   -75227.45   32197.569
      0.926    -0.07745   -74664.69   32053.935
      0.928    -0.07709   -74082.76   31895.084
       0.93    -0.07672   -73480.81   31722.086
      0.932    -0.07634   -72854.69  31530.5167
      0.934    -0.07594   -72198.86  31314.0688
      0.936    -0.07553   -71509.81  31070.9637
      0.938     -0.0751   -70780.96  30793.0256
       0.94    -0.07465   -70010.19  30479.6226
      0.942    -0.07418   -69194.74  30126.5652
      0.944     -0.0737   -68337.33  29738.0906
      0.946    -0.07319   -67439.49   29313.878
      0.948    -0.07267   -66505.38  28857.1851
       0.95    -0.07213   -65539.23  28370.1371
      0.952    -0.07157    -64548.3  27859.8943
      0.954    -0.07101   -63536.98  27327.6702
      0.956    -0.07043   -62512.63   26781.621
      0.958    -0.06983   -61476.55  26220.2352
       0.96    -0.06923    -60430.1  25645.4472
      0.962    -0.06862   -59369.18  25051.4392
      0.964      -0.068   -58291.38  24438.0426
      0.966    -0.06736   -57190.77  23799.1973
      0.968     -0.0667    -56063.8  23133.6926
       0.97    -0.06603   -54904.76  22435.2586
      0.972    -0.06534   -53711.78  21703.6891
      0.974    -0.06463   -52483.41  20936.7702
      0.976     -0.0639   -51222.87  20138.2746
      0.978    -0.06315    -49935.2  19312.4544
       0.98    -0.06239   -48628.06  18466.8358
      0.982    -0.06161    -47306.6  17603.4116
      0.984    -0.06082   -45978.52  16730.1784
      0.986    -0.06001   -44647.79  15848.9967
      0.988     -0.0592   -43320.38  14967.4304
       0.99    -0.05837   -41997.22  14084.8493
      0.992    -0.05754    -40680.2   13204.953
      0.994    -0.05669   -39365.69  12322.7742
      0.996    -0.05584   -38052.67  11440.4109
      0.998    -0.05497   -36735.93  10552.3306
         1.    -0.05408   -35414.27  9660.66486
