 
 SAP2000 v24.1.0 File: 3D-SIMPLE-BEAM-DYNAMIC-INELASTIC  N, m, C Units  PAGE 1
 m/d/yy h:mm:ss
 
 T I M E   H I S T O R Y   D A T A 
 
 CASE  dynamic-inelastic-0.002
 FUNCTION  disp-1-y:  Joint 1  Displacement  UY    
 FUNCTION  disp-1-z:  Joint 1  Displacement  UZ    
 FUNCTION  shear22-0-0:  Frame 0  Station 1  Shear 2-2    
 FUNCTION  shear22-0-1:  Frame 0  Station 5  Shear 2-2    
 FUNCTION  shear33-0-1:  Frame 0  Station 5  Shear 3-3    
 FUNCTION  shear33-0-0:  Frame 0  Station 1  Shear 3-3    
 FUNCTION  moment22-0-0:  Frame 0  Station 1  Moment 2-2    
 FUNCTION  moment22-0-1:  Frame 0  Station 5  Moment 2-2    
 FUNCTION  shear22-1-1:  Frame 1  Station 3  Shear 2-2    
 FUNCTION  shear33-1-1:  Frame 1  Station 3  Shear 3-3    
 FUNCTION  moment22-1-1:  Frame 1  Station 3  Moment 2-2    
 FUNCTION  moment33-0-0:  Frame 0  Station 1  Moment 3-3    
 FUNCTION  moment33-0-1:  Frame 0  Station 5  Moment 3-3    
 FUNCTION  moment33-1-1:  Frame 1  Station 3  Moment 3-3    
 
       TIME    FUNCTION    FUNCTION    FUNCTION    FUNCTION    FUNCTION    FUNCTION    FUNCTION    FUNCTION    FUNCTION    FUNCTION    FUNCTION    FUNCTION    FUNCTION    FUNCTION
               disp-1-y    disp-1-z shear22-0-0 shear22-0-1 shear33-0-1 shear33-0-0 moment22-0- moment22-0- shear22-1-1 shear33-1-1 moment22-1- moment33-0- moment33-0- moment33-1-
         0.          0.          0.          0.          0.          0.          0.          0.          0.          0.          0.          0.          0.          0.          0.
      0.002          0.          0.    -3.10624    -3.10624     0.08369     0.08369     0.07174    -0.09565     8.87497    -0.23912     0.14347    -2.66249     3.54999    -5.32498
      0.004          0.  -1.322E-06   -18.50473   -18.50473       0.502       0.502     0.43029    -0.57372    52.87066    -1.43429     0.86058    -15.8612    21.14826    -31.7224
      0.006  -2.837E-06  -4.140E-06   -57.96255   -57.96255     1.58898     1.58898     1.36198    -1.81597   165.60728    -4.53994     2.72396   -49.68218    66.24291   -99.36437
      0.008  -6.567E-06  -9.444E-06  -132.21886  -132.21886      3.6775      3.6775     3.15215    -4.20286   377.76816   -10.50715     6.30429  -113.33045   151.10727   -226.6609
       0.01  -1.268E-05  -1.789E-05  -250.52609  -250.52609     7.09874     7.09874     6.08463    -8.11284   715.78884   -20.28211    12.16927  -214.73665   286.31554  -429.47331
      0.012  -2.175E-05  -3.002E-05  -420.25466  -420.25466    12.18154    12.18154    10.44132   -13.92176  1200.72761    -34.8044    20.88264  -360.21828   480.29104  -720.43657
      0.014  -3.438E-05  -4.618E-05  -646.57805  -646.57805     19.2519     19.2519    16.50163   -22.00217  1847.36585   -55.00543    33.00326  -554.20975   738.94634  -1108.4195
      0.016  -5.113E-05  -6.659E-05  -932.25176  -932.25176    28.63237    28.63237    24.54203   -32.72271  2663.57647   -81.80678    49.08407  -799.07294  1065.43059  -1598.1459
      0.018  -7.257E-05  -9.125E-05  -1277.4957  -1277.4957    40.64152    40.64152    34.83559   -46.44746  3649.98759  -116.11864    69.67118  -1094.9963  1459.99504  -2189.9926
       0.02  -9.927E-05  -1.200E-04  -1679.9845  -1679.9845    55.59339    55.59339    47.65147    -63.5353   4799.9557  -158.83824    95.30295  -1439.9867  1919.98228  -2879.9734
      0.022  -1.318E-04  -1.525E-04  -2134.6432  -2134.6432    73.78871    73.78871    63.24747   -84.32996  6098.98071  -210.82489   126.49494  -1829.6942  2439.59228   -3659.388
      0.024  -1.705E-04  -1.881E-04  -2633.5599  -2633.5599    95.50628    95.50628    81.86252  -109.15003  7524.45674  -272.87508   163.72505   -2257.337   3009.7827   -4514.674
      0.026  -2.161E-04  -2.262E-04   -3166.627   -3166.627   121.01057   121.01057   103.72335   -138.2978   9047.5067   -345.7445    207.4467   -2714.252  3619.00268   -5428.504
      0.028  -2.689E-04  -2.659E-04    -3722.28    -3722.28   150.55956   150.55956   129.05105  -172.06807  10635.0847  -430.17018   258.10211   -3190.525  4254.03389   -6381.051
       0.03  -3.293E-04  -3.063E-04   -4287.986   -4287.986   184.40422   184.40422   158.06076  -210.74768  12251.3881  -526.86919   316.12152   -3675.416  4900.55523   -7350.833
      0.032  -3.978E-04  -3.465E-04   -4850.785   -4850.785    222.7881    222.7881   190.96123  -254.61497  13859.3867  -636.53742   381.92245   -4157.816  5543.75469   -8315.632
      0.034  -4.749E-04  -3.856E-04   -5397.842   -5397.842   265.94692   265.94692    227.9545  -303.93933  15422.4055  -759.84834     455.909   -4626.722   6168.9622   -9253.443
      0.036  -5.609E-04  -4.226E-04   -5916.992   -5916.992   314.10816   314.10816   269.23556  -358.98075  16905.6909  -897.45188   538.47113   -5071.707  6762.27636  -10143.415
      0.038  -6.562E-04  -4.569E-04   -6397.264   -6397.264   367.49065   367.49065   314.99199  -419.98932  18277.8959  -1049.9733   629.98398   -5483.369  7311.15838  -10966.738
       0.04  -7.613E-04  -4.878E-04   -6829.347   -6829.347   426.30423   426.30423   365.40362  -487.20483  19512.4195  -1218.0121   730.80725   -5853.726   7804.9678  -11707.452
      0.042  -8.764E-04  -5.148E-04   -7207.376   -7207.376   490.78668   490.78668   420.67429  -560.89906  20592.5037  -1402.2476   841.34859   -6177.751  8237.00147  -12355.502
      0.044      -0.001  -5.379E-04   -7530.569   -7530.569   561.24071   561.24071   481.06347  -641.41796  21515.9109  -1603.5449   962.12694   -6454.773  8606.36438  -12909.547
      0.046    -0.00114  -5.573E-04   -7801.871   -7801.871   637.99609   637.99609   546.85379  -729.13839  22291.0586   -1822.846  1093.70759   -6687.318  8916.42344  -13374.635
      0.048    -0.00129  -5.733E-04   -8026.444   -8026.444   721.37169   721.37169   618.31859  -824.42479  22932.6982   -2061.062  1236.63718   -6879.809  9173.07928  -13759.619
       0.05    -0.00145  -5.865E-04    -8211.45    -8211.45   811.67495   811.67495   695.72139  -927.62851  23461.2853  -2319.0713  1391.44277   -7038.386  9384.51412  -14076.771
      0.052    -0.00162  -5.976E-04   -8365.737   -8365.737   909.20135   909.20135   779.31545  -1039.0873  23902.1055  -2597.7182  1558.63089   -7170.632   9560.8422  -14341.263
      0.054    -0.00181  -6.071E-04   -8499.468   -8499.468  1014.23391  1014.23391   869.34335  -1159.1245  24284.1941  -2897.8112   1738.6867   -7285.258  9713.67765  -14570.516
      0.056    -0.00201  -6.160E-04   -8623.684   -8623.684  1127.04267  1127.04267   966.03657  -1288.0488  24639.0958   -3220.122  1932.07315   -7391.729  9855.63833  -14783.457
      0.058    -0.00223  -6.250E-04   -8749.831   -8749.831  1247.88426  1247.88426  1069.61508  -1426.1534  24999.5167   -3565.384  2139.23015   -7499.855  9999.80669   -14999.71
       0.06    -0.00246  -6.349E-04   -8889.274   -8889.274  1377.00142  1377.00142  1180.28693  -1573.7159  25397.9271    -3934.29  2360.57386   -7619.378  10159.1709  -15238.756
      0.062     -0.0027  -6.463E-04   -9048.086   -9048.086  1514.49531  1514.49531  1298.13884  -1730.8518   25851.673   -4327.129  2596.27767   -7755.502  10340.6692  -15511.004
      0.064    -0.00296  -6.587E-04   -9222.057   -9222.057  1660.19797  1660.19797  1423.02683  -1897.3691  26348.7336   -4743.423  2846.05366    -7904.62  10539.4934   -15809.24
      0.066    -0.00324  -6.715E-04   -9401.608   -9401.608  1813.79996  1813.79996  1554.68568  -2072.9142   26861.736   -5182.286  3109.37135   -8058.521  10744.6944  -16117.042
      0.068    -0.00353  -6.841E-04   -9576.919   -9576.919  1974.97818  1974.97818  1692.83844  -2257.1179  27362.6266   -5642.795  3385.67688   -8208.788  10945.0506  -16417.576
       0.07    -0.00383  -6.956E-04   -9738.354   -9738.354  2143.39648  2143.39648  1837.19698   -2449.596  27823.8689    -6123.99  3674.39397   -8347.161  11129.5475  -16694.321
      0.072    -0.00414  -7.055E-04   -9876.867   -9876.867  2318.70619  2318.70619  1987.46245  -2649.9499  28219.6205   -6624.875   3974.9249   -8465.886  11287.8482  -16931.772
      0.074    -0.00447  -7.132E-04   -9984.393   -9984.393  2500.54674  2500.54674  2143.32578  -2857.7677  28526.8369   -7144.419  4286.65155   -8558.051  11410.7348  -17116.102
      0.076     -0.0048  -7.182E-04   -10054.19   -10054.19  2688.54628  2688.54628  2304.46824  -3072.6243  28726.2564   -7681.561  4608.93648   -8617.877  11490.5026  -17235.754
      0.078    -0.00515  -7.201E-04  -10081.128  -10081.128  2882.32235  2882.32235  2470.56201   -3294.083  28803.2226   -8235.207  4941.12402   -8640.967   11521.289  -17281.934
       0.08     -0.0055  -7.187E-04  -10061.909  -10061.909  3081.48247  3081.48247  2641.27069   -3521.694  28748.3107   -8804.236  5282.54138   -8624.493  11499.3243  -17248.986
      0.082    -0.00587  -7.141E-04   -9998.062   -9998.062  3285.70188  3285.70188   2816.3159   -3755.088  28565.8921    -9387.72   5632.6318   -8569.768  11426.3569  -17139.535
      0.084    -0.00624  -7.071E-04   -9898.738   -9898.738  3494.80098  3494.80098   2995.5437   -3994.058  28282.1089   -9985.146   5991.0874   -8484.633  11312.8436  -16969.265
      0.086    -0.00662  -6.984E-04   -9777.458   -9777.458  3708.66872  3708.66872   3178.8589   -4238.479  27935.5953  -10596.196   6357.7178   -8380.679  11174.2381  -16761.357
      0.088    -0.00701  -6.892E-04   -9648.683   -9648.683   3927.1858   3927.1858  3366.15926   -4488.212  27567.6657  -11220.531  6732.31851     -8270.3  11027.0663  -16540.599
       0.09    -0.00741  -6.805E-04   -9527.192   -9527.192  4150.22491  4150.22491  3557.33564   -4743.114  27220.5493  -11857.785  7114.67127   -8166.165  10888.2197   -16332.33
      0.092    -0.00782  -6.734E-04   -9427.455   -9427.455  4377.65092  4377.65092  3752.27222    -5003.03  26935.5864  -12507.574  7504.54444   -8080.676  10774.2346  -16161.352
      0.094    -0.00823  -6.688E-04   -9363.012   -9363.012  4609.32114  4609.32114  3950.84669   -5267.796  26751.4616  -13169.489  7901.69339   -8025.438  10700.5846  -16050.877
      0.096    -0.00865  -6.676E-04   -9345.893   -9345.893  4845.08554  4845.08554  4152.93047   -5537.241  26702.5513  -13843.102  8305.86093   -8010.765  10681.0205  -16021.531
      0.098    -0.00908  -6.704E-04   -9386.109   -9386.109  5084.78702  5084.78702  4358.38888   -5811.185  26817.4551  -14527.963  8716.77775   -8045.237   10726.982  -16090.473
        0.1    -0.00951  -6.779E-04   -9491.221   -9491.221  5328.26169  5328.26169  4567.08145   -6089.442  27117.7737  -15223.605  9134.16289   -8135.332  10847.1095  -16270.664
      0.102    -0.00996  -6.902E-04   -9663.478   -9663.478  5575.27077  5575.27077  4778.80351   -6371.738  27609.9363  -15929.345  9557.60703   -8282.981  11043.9745  -16565.962
      0.104     -0.0104  -7.069E-04   -9897.187   -9897.187  5825.43264  5825.43264  4993.22798   -6657.637  28277.6763  -16644.093  9986.45596   -8483.303  11311.0705  -16966.606
      0.106    -0.01085  -7.272E-04  -10181.491  -10181.491  6078.29189  6078.29189  5209.96448   -6946.619  29089.9756  -17366.548   10419.929   -8726.993  11635.9902  -17453.985
      0.108    -0.01131  -7.502E-04  -10503.374  -10503.374  6333.38844  6333.38844  5428.61866   -7238.158  30009.6398  -18095.396  10857.2373   -9002.892  12003.8559  -18005.784
       0.11    -0.01177  -7.749E-04  -10848.211  -10848.211  6590.25835  6590.25835  5648.79287   -7531.724  30994.8878   -18829.31  11297.5857   -9298.466  12397.9551  -18596.933
      0.112    -0.01223  -8.000E-04  -11200.398  -11200.398   6848.4346   6848.4346   5870.0868   -7826.782   32001.136  -19566.956  11740.1736   -9600.341  12800.4545  -19200.682
      0.114    -0.01269  -8.246E-04  -11544.017  -11544.017  7107.44794  7107.44794  6092.09824   -8122.798   32982.905  -20306.994  12184.1965   -9894.871  13193.1618  -19789.743
      0.116    -0.01316  -8.474E-04  -11863.515  -11863.515  7366.82767  7366.82767  6314.42372   -8419.232   33895.758  -21048.079  12628.8474  -10168.728  13558.3033  -20337.455
      0.118    -0.01362  -8.675E-04  -12144.373  -12144.373  7626.10244  7626.10244  6536.65924   -8715.546   34698.207  -21788.864  13073.3185  -10409.462  13879.2829  -20818.924
       0.12    -0.01408  -8.838E-04  -12373.717  -12373.717  7884.80111  7884.80111  6758.40095   -9011.201   35353.478  -22528.003  13516.8019  -10606.043  14141.3912  -21212.087
      0.122    -0.01454  -8.957E-04  -12539.533  -12539.533  8142.41721  8142.41721  6979.21475    -9305.62   35827.237  -23264.049  13958.4295  -10748.171  14330.8946  -21496.342
      0.124      -0.015  -9.021E-04  -12629.822  -12629.822  8398.37357  8398.37357  7198.60592   -9598.141   36085.207  -23995.353  14397.2118  -10825.562  14434.0827  -21651.124
      0.126    -0.01545  -9.025E-04  -12634.469  -12634.469   8652.0596   8652.0596  7416.05109   -9888.068   36098.483   -24720.17  14832.1022  -10829.545  14439.3931   -21659.09
      0.128     -0.0159  -8.965E-04   -12413.62   -12413.62  8875.53526  8875.53526  7612.81325  -10138.257   34762.801  -25217.735  15079.5526  -10666.303  14160.9359  -20602.237
       0.13    -0.01634  -8.847E-04  -12110.507  -12110.507  9095.41048  9095.41048  7806.53355  -10384.287   33188.347  -25704.267  15319.9793  -10432.772  13788.2423  -19400.104
      0.132    -0.01677  -8.681E-04  -11751.721  -11751.721  9313.66748  9313.66748  7998.44064  -10628.894  31511.2387  -26197.457   15568.563  -10149.389  13354.0525  -18157.186
      0.134     -0.0172  -8.479E-04    -11351.7    -11351.7   9529.4396   9529.4396  8187.86403  -10871.015  29764.0801  -26693.101  15822.0856   -9828.893  12874.5064  -16889.574
      0.136    -0.01762  -8.254E-04   -10926.07   -10926.07  9741.85082  9741.85082  8374.12701  -11109.575  27981.5065  -27186.692  16077.1174   -9485.049  12367.0917  -15614.415
      0.138    -0.01803  -8.018E-04  -10491.048  -10491.048  9950.00984  9950.00984  8556.54313  -11343.477  26199.3812  -27673.591  16330.1147   -9132.143  11849.9527  -14349.429
       0.14    -0.01843  -7.785E-04  -10062.931  -10062.931   10153.027   10153.027    8734.428  -11571.626  24453.7242  -28149.147  16577.5209   -8784.537  11341.3261  -13112.398
      0.142    -0.01882  -7.569E-04   -9659.694   -9659.694   10350.026   10350.026     8907.12  -11792.932  22783.7894  -28608.436  16815.5036   -8458.084  10861.3045  -11922.485
      0.144    -0.01919  -7.387E-04   -9302.525   -9302.525  10540.1564  10540.1564  9074.00199  -12006.311  21235.0421  -29046.012  17039.7014   -8171.504  10433.5463  -10801.496
      0.146    -0.01956  -7.257E-04   -9013.086   -9013.086  10722.6212  10722.6212  9234.50733  -12210.735  19853.6369  -29456.453   17245.718   -7943.948  10082.2238   -9771.413
      0.148    -0.01991  -7.195E-04   -8810.751   -8810.751   10896.704   10896.704  9388.12612  -12405.282  18680.8726    -29834.9   17429.618   -7792.542  9828.95897   -8851.914
       0.15    -0.02025  -7.214E-04   -8712.019   -8712.019  11061.7888  11061.7888  9534.41868  -12589.159  17751.9466  -30177.203  17588.0446   -7731.872  9692.16588   -8059.781
      0.152    -0.02058  -7.326E-04   -8730.013   -8730.013   11217.376   11217.376  9673.02702  -12761.725  17094.8936  -30480.045  17718.3204   -7773.535   9686.4913   -7408.402
      0.154    -0.02089  -7.537E-04   -8874.079   -8874.079  11363.0963  11363.0963    9803.684  -12922.509  16729.7407  -30741.035  17818.5266    -7925.79   9822.3688   -6907.372
      0.156    -0.02119  -7.851E-04   -9149.501   -9149.501  11498.7199  11498.7199  9926.21985   -13071.22  16667.9043   -30958.78  17887.5603     -8193.3  10105.7007   -6562.204
      0.158    -0.02148  -8.270E-04   -9557.337   -9557.337  11624.1617  11624.1617  10040.5659  -13207.758  16911.8471  -31132.925  17925.1672   -8576.997  10537.6771    -6374.17
       0.16    -0.02175  -8.792E-04   -10094.39   -10094.39   11739.483   11739.483  10146.7556   -13332.21  17455.0051  -31264.158  17931.9478   -9074.042  11114.7379   -6340.267
      0.162    -0.02202  -9.407E-04  -10751.601  -10751.601   11845.015   11845.015  10244.9929  -13445.037  18276.2252  -31354.373  17909.7391   -9676.272  11826.9295   -6451.311
      0.164    -0.02226    -0.00101  -11509.194  -11509.194  11940.7865  11940.7865  10335.2571  -13546.316  19341.5183  -31408.155   17861.956  -10366.509  12651.8777   -6690.227
      0.166     -0.0225    -0.00109  -12343.848  -12343.848  12027.3646  12027.3646  10417.8766  -13636.853  20601.1268  -31430.497  17793.0823  -11123.976  13563.7194   -7034.597
      0.168    -0.02272    -0.00116  -13231.797  -13231.797   12105.844   12105.844  10493.5348  -13718.153   21995.377  -31426.174  17708.1305  -11927.026  14536.5681   -7459.356
       0.17    -0.02292    -0.00125  -14140.993  -14140.993  12176.1025  12176.1025   10562.107  -13790.098  23473.4867  -31402.994  17612.4899   -12748.09  15533.8966    -7937.56
      0.172    -0.02311    -0.00132  -15045.464  -15045.464  12239.4776  12239.4776  10624.4436  -13854.512  24968.2952  -31366.187  17511.7593  -13563.427  16527.5022   -8441.213
      0.174    -0.02328     -0.0014  -15913.441  -15913.441  12296.1867  12296.1867  10680.6504  -13911.723  26423.6355  -31323.294  17411.5712  -14345.401   17481.481   -8942.155
      0.176    -0.02344    -0.00147  -16717.249  -16717.249   12347.102   12347.102  10731.2704  -13962.934  27778.1509  -31280.351  17317.4173  -15069.271  18365.2265   -9412.924
      0.178    -0.02358    -0.00153  -17429.697  -17429.697   12392.828   12392.828   10776.669  -14008.987  28976.0552  -31243.464   17234.477  -15710.966  19148.4289   -9827.626
       0.18     -0.0237    -0.00159  -18026.129  -18026.129  12433.9231  12433.9231  10817.1807  -14050.665  29966.3598  -31218.122  17167.4561  -16248.629  19803.6283  -10162.732
      0.182     -0.0238    -0.00163  -18486.131  -18486.131  12470.8478  12470.8478  10853.0807  -14088.615  30706.8641  -31208.863  17120.2483  -16664.168  20308.0936   -10398.77
      0.184    -0.02389    -0.00166  -18795.255  -18795.255  12503.9416  12503.9416  10884.5761  -14123.307  31167.6367  -31218.929  17095.6217  -16944.778  20645.7329  -10521.904
      0.186    -0.02396    -0.00167  -18944.049  -18944.049  12533.3539  12533.3539  10911.7522  -14154.956  31330.3138  -31250.475  17095.3248  -17082.143  20805.9546  -10523.389
      0.188    -0.02402    -0.00167  -18928.792  -18928.792  12559.3526  12559.3526  10934.7723  -14183.933  31183.3353  -31304.079  17120.2248  -17072.744  20784.8407  -10398.888
       0.19    -0.02405    -0.00166  -18736.647  -18736.647  12579.2664  12579.2664  10951.8388  -14206.694   30633.916  -31360.889  17154.3241  -16908.036  20565.2585  -10069.304
      0.192    -0.02407    -0.00163  -18355.094  -18355.094  12589.1679  12589.1679  10960.3175  -14218.018  29542.2535  -31388.877  17171.1641  -16580.948  20129.2391   -9414.541
      0.194    -0.02407    -0.00159  -17797.678  -17797.678  12588.8345  12588.8345  10960.0462  -14217.623  27952.2561  -31388.448  17170.8251  -16103.236  19492.1203   -8460.136
      0.196    -0.02405    -0.00154  -17087.171  -17087.171   12578.409   12578.409  10951.1102  -14205.708  25922.2358  -31358.661   17152.953   -15494.23  18680.1121   -7242.124
      0.198    -0.02401    -0.00148  -16251.324  -16251.324  12557.7368  12557.7368  10933.3992  -14182.074  23535.5515  -31299.888   17117.644   -14777.83  17724.8174   -5809.887
        0.2    -0.02396    -0.00141  -15323.916  -15323.916  12526.8178  12526.8178  10906.9098  -14146.726  20888.0862  -31212.002  17064.8418  -13982.972  16664.8597   -4221.055
      0.202    -0.02389    -0.00134  -14343.529  -14343.529     12485.8     12485.8  10871.7419  -14099.858  18085.2226  -31094.457  16994.3693  -13142.591  15544.4664  -2539.6101
      0.204    -0.02379    -0.00127  -13349.621  -13349.621   12434.468   12434.468  10827.7595  -14041.176  15248.4481  -30948.386  16906.6349  -12290.752   14408.489  -837.08443
      0.206    -0.02369     -0.0012  -12385.227  -12385.227  12373.1804  12373.1804   10775.214  -13971.147   12490.642    -30772.8  16801.3577  -11464.062   13306.391   817.22668
      0.208    -0.02356    -0.00114  -11490.402  -11490.402  12301.9587  12301.9587  10714.1354  -13889.782  9928.34354  -30568.178  16678.7605  -10696.913  12283.8911  2353.72593
       0.21    -0.02341    -0.00108  -10700.349  -10700.349  12220.4615  12220.4615  10644.3151  -13796.608  7677.25786  -30336.571  16539.6028  -10019.897  11380.8011  3705.34308
      0.212    -0.02325    -0.00104  -10051.533  -10051.533  12129.5304  12129.5304  10566.3365  -13692.724  5816.71473  -30075.411   16383.118   -9463.581  10639.4858  4820.61368
      0.214    -0.02307      -0.001   -9566.899   -9566.899  12028.5109  12028.5109  10479.7887  -13577.233  4439.30283  -29788.235  16210.5867   -9048.382  10085.4171  5648.18953
      0.216    -0.02287  -9.802E-04   -9270.463   -9270.463  11918.3995  11918.3995  10385.3646  -13451.434  3584.62654  -29472.088  16021.1384   -8794.079   9746.8471  6159.79512
      0.218    -0.02266  -9.730E-04   -9170.629   -9170.629  11798.6782  11798.6782  10282.7507  -13314.606  3300.17884  -29130.186  15815.9725   -8708.529  9632.72828  6330.58729
       0.22    -0.02243  -9.803E-04   -9272.289   -9272.289  11669.8335  11669.8335  10172.3063  -13167.361  3589.53233  -28761.837  15594.9977   -8795.635  9748.94222  6156.80336
      0.222    -0.02218      -0.001   -9566.727   -9566.727  11531.7969  11531.7969  10054.0106  -13009.583  4434.63314  -28368.217  15358.7057   -9048.118  10085.3357  5650.34173
      0.224    -0.02192    -0.00103  -10034.809  -10034.809   11384.954   11384.954  9928.12296  -12841.785  5767.99637  -27947.863  15106.6182    -9449.22  10620.3987  4849.69918
      0.226    -0.02164    -0.00108  -10643.336  -10643.336  11228.8015  11228.8015  9794.30021  -12663.303   7510.6461  -27502.513  14839.2838   -9970.926  11315.7472  3804.73164
      0.228    -0.02135    -0.00113   -11357.72   -11357.72  11063.7841  11063.7841  9652.83408  -12474.734   9547.6708   -27030.22  14556.0349  -10583.141  12132.2987  2581.88351
       0.23    -0.02104    -0.00118   -12134.19   -12134.19  10889.4202  10889.4202  9503.40184  -12275.438  11770.2197   -26532.85  14257.4865    -11248.8  13019.5796  1248.98641
      0.232    -0.02071    -0.00124  -12930.212  -12930.212  10706.0346  10706.0346  9346.22137  -12065.848  14045.8649   -26009.15  13943.2263  -11931.141  13929.2841   -116.1994
      0.234    -0.02036     -0.0013  -13700.822  -13700.822  10513.6448  10513.6448  9181.30862  -11845.981  16246.3023  -25459.204  13613.2993  -12591.627  14810.0172  -1436.6648
      0.236       -0.02    -0.00135   -14401.43   -14401.43  10312.1368  10312.1368  9008.59481  -11615.679  18249.3621  -24883.732  13267.9745  -13192.185  15610.6756   -2638.295
      0.238    -0.01963    -0.00139  -14991.958  -14991.958  10101.7189  10101.7189  8828.22911  -11375.209  19935.2341  -24282.268  12907.1382  -13698.314  16285.6011   -3650.028
       0.24    -0.01924    -0.00142  -15435.483  -15435.483  9882.30285  9882.30285  8640.16593   -11124.44  21203.8355  -23655.642  12531.1197  -14078.517  16792.4486   -4410.973
      0.242    -0.01883    -0.00144  -15702.271  -15702.271  9654.11743  9654.11743  8444.57044  -10863.664  21964.6496  -23003.396  12139.8169  -14307.153  17097.3894   -4867.685
      0.244    -0.01841    -0.00144   -15767.15   -15767.15  9417.03972  9417.03972  8241.36935   -10592.71  22151.5236  -22326.333  11733.5319  -14362.805  17171.4945   -4979.575
      0.246    -0.01797    -0.00143  -15614.599  -15614.599  9171.28832  9171.28832  8030.71644   -10311.86  21714.0739  -21623.868  11312.1023  -14232.003  16997.1954   -4717.353
      0.248    -0.01751    -0.00141  -15236.597  -15236.597  8916.73445  8916.73445  7812.53684  -10020.932  20635.7633   -20896.91   10875.875  -13908.048  16565.1458   -4070.103
       0.25    -0.01704    -0.00136  -14636.655  -14636.655  8653.64895  8653.64895  7587.02489   -9720.273  18919.8253  -20144.874  10424.7098  -13393.761  15879.5476  -3040.8227
      0.252    -0.01656    -0.00131  -13825.733  -13825.733  8381.90673  8381.90673  7354.11386     -9409.7  16604.8639  -19368.859  9959.03992   -12698.74  14952.7259  -1651.5414
      0.254    -0.01606    -0.00123  -12825.991  -12825.991  8101.83869  8101.83869  7114.04381   -9089.634  13746.3449  -18568.242  9478.73557  -11841.759  13810.2217    63.24145
      0.256    -0.01554    -0.00115  -11665.299  -11665.299  7813.31472  7813.31472  6866.75023   -8759.879  10432.3679  -17744.345  8984.32605  -10846.945   12483.654  2051.98291
      0.258    -0.01501    -0.00106  -10380.949  -10380.949  7516.73267  7516.73267  6612.52335   -8420.942  6760.32859  -16896.474   8475.6805   -9746.004   11015.893  4254.82295
       0.26    -0.01447  -9.618E-04   -9012.972   -9012.972  7211.99034  7211.99034   6351.3227   -8072.658  2853.09656  -16026.036  7953.37806   -8573.488  9452.45646  6599.35989
      0.262    -0.01391  -8.615E-04   -7608.014   -7608.014  6899.42237  6899.42237   6083.4073   -7715.437  -1161.0707  -15132.985  7417.54726   -7369.238  7846.78955  9007.86025
      0.264    -0.01334  -7.620E-04   -6215.564   -6215.564  6579.25254  6579.25254  5808.97601   -7349.529   -5139.498  -14218.214  6868.68469    -6175.71  6255.41845  11394.9169
      0.266    -0.01275  -6.670E-04   -4885.853   -4885.853  6251.78415  6251.78415  5528.28882   -6975.279   -8938.672   -13282.59  6307.31031   -5035.958  4735.74906   13674.421
      0.268    -0.01216  -5.799E-04   -3666.431   -3666.431  5917.33313  5917.33313  5241.61651    -6593.05  -12422.735  -12327.015  5733.96569   -3990.739  3342.12394  15764.8587
       0.27    -0.01155  -5.038E-04   -2600.136   -2600.136  5576.22743  5576.22743   4949.2402   -6203.215  -15469.293  -11352.428  5149.21307  -3076.7714  2123.50051  17592.7938
      0.272    -0.01093  -4.411E-04  -1723.2625  -1723.2625  5228.80653  5228.80653  4651.45086   -5806.162  -17974.646  -10359.797  4553.63439  -2325.1656  1121.35943  19096.0054
      0.274     -0.0103  -3.940E-04  -1064.0139  -1064.0139  4875.42079  4875.42079   4348.5488   -5402.293  -19858.214   -9350.123  3947.83026  -1760.0953   367.93239   20226.146
      0.276    -0.00966  -3.638E-04  -641.29488  -641.29488  4516.43087  4516.43087  4040.84315   -4992.019  -21065.982   -8324.438  3332.41897  -1397.7648  -115.17502  20950.8071
      0.278      -0.009  -3.512E-04  -463.90501  -463.90501  4152.20712  4152.20712  3728.65136   -4575.763   -21572.81   -7283.798   2708.0354  -1245.7163   -317.9063   21254.904
       0.28    -0.00835  -3.559E-04  -530.16223  -530.16223  3783.12891  3783.12891  3412.29862   -4153.959  -21383.504   -6229.289   2075.3299  -1302.5082  -242.18376  21141.3202
      0.282    -0.00768  -3.773E-04  -830.27587  -830.27587    3409.646    3409.646  3092.17041   -3727.122  -20526.036   -5162.195  1435.07348  -1559.7485   100.80326  20626.8397
      0.284    -0.00701  -4.144E-04  -1349.0658  -1349.0658  3032.33974  3032.33974  2768.76504   -3295.914  -19043.779   -4084.177   788.26274  -2004.4256   693.70605  19737.4855
      0.286    -0.00633  -4.655E-04  -2064.3101  -2064.3101  2651.86006  2651.86006   2442.6396  -2861.0805  -17000.224  -2997.0924   136.01186  -2617.4921   1511.1281  18511.3524
      0.288    -0.00564  -5.284E-04  -2945.3935  -2945.3935  2268.86238  2268.86238  2114.35588  -2423.3689  -14482.843  -1902.8133  -520.55558   -3372.706  2518.08056  17000.9237
       0.29    -0.00495  -6.005E-04   -3954.615   -3954.615  1884.00648  1884.00648  1784.47939  -1983.5336  -11599.352  -803.22502  -1180.3086   -4237.754  3671.47708   15270.829
      0.292    -0.00427  -6.787E-04   -5048.801   -5048.801  1497.95533  1497.95533  1453.57841  -1542.3323   -8473.108   299.77826  -1842.1105   -5175.627  4921.97464  13395.0826
      0.294    -0.00357  -7.595E-04   -6181.144   -6181.144  1111.37398  1111.37398  1122.22296   -1100.525    -5237.84  1404.29642  -2504.8214   -6146.207  6216.08166  11453.9221
      0.296    -0.00288  -8.397E-04   -7303.262   -7303.262   724.93863   724.93863    790.9907  -658.88656  -2032.1425   2508.4678   -3167.313   -7108.012  7498.51136  9530.44861
      0.298     -0.0022  -9.157E-04   -8366.955   -8366.955   339.27465   339.27465   460.42536  -218.12394  1007.66057  3610.22888   -3828.391   -8019.768  8714.14171  7706.67253
        0.3    -0.00151  -9.842E-04   -9327.006   -9327.006   -44.89593   -44.89593   131.13481   220.92667   3750.3988  4707.91229   -4486.993   -8842.662  9811.35076  6060.98822
      0.302  -8.276E-04    -0.00104  -10138.058  -10138.058   -427.0575   -427.0575  -196.43222   657.68278  6067.69361  5799.80139   -5142.127   -9537.849  10738.2663   4670.6122
      0.304  -1.493E-04    -0.00109  -10753.114  -10753.114  -806.87594  -806.87594  -521.99085  1091.76104  7825.00324  6884.99562   -5793.243   -10065.04  11441.1874  3616.22744
      0.306   5.244E-04    -0.00111  -11129.406  -11129.406  -1184.1398  -1184.1398  -845.35979  1522.91973  8900.13098  7962.89071   -6439.981  -10387.576  11871.2352  2971.15199
      0.308     0.00119    -0.00112  -11234.366  -11234.366  -1558.6419  -1558.6419  -1166.3616  1950.92219   9200.0258  9032.89494   -7081.983  -10477.542  11991.1892   2791.2165
       0.31     0.00186    -0.00111  -11047.048  -11047.048  -1930.1741  -1930.1741  -1484.8188  2375.52937  8664.63919  10094.4538   -7718.913  -10316.979  11777.1165  3112.41869
      0.312     0.00251    -0.00107  -10558.904  -10558.904   -2298.551   -2298.551  -1800.5703  2796.53159  7269.95669  11146.9568   -8350.415   -9898.571  11219.2384  3949.23004
      0.314     0.00317    -0.00102   -9774.247   -9774.247  -2663.5917  -2663.5917  -2113.4591  3213.72429  5028.66741  12189.8124   -8976.147   -9226.023  10322.4703   5294.0954
      0.316     0.00381  -9.402E-04   -8710.347   -8710.347  -3025.0617  -3025.0617  -2423.2933  3626.83002  1988.45347   13222.684   -9595.854   -8314.095  9106.59922  7118.14575
      0.318     0.00445  -8.463E-04    -7395.94    -7395.94   -3382.827   -3382.827  -2729.9497   4035.7052  -1766.9974  14244.8719  -10209.167    -7187.46  7604.41887  9371.41628
       0.32     0.00508  -7.374E-04   -5870.761   -5870.761   -3736.701   -3736.701  -3033.2699  4440.13214   -6124.649  15255.9393  -10815.807   -5880.165  5861.35803  11986.0075
      0.322     0.00571  -6.173E-04   -4189.673   -4189.673   -4086.349   -4086.349   -3332.968  4839.72974   -10927.76  16254.9333  -11415.204   -4439.231  3940.11385  14867.8738
      0.324     0.00632  -4.914E-04  -2426.5737  -2426.5737   -4431.111   -4431.111   -3628.479  5233.74407  -15965.185  17239.9691  -12006.225  -2928.0038  1925.14364  17890.3291
      0.326     0.00693  -3.655E-04  -665.05796  -665.05796   -4770.171   -4770.171   -3919.101  5621.24024  -20998.088  18208.7095  -12587.469  -1418.1331   -88.01721  20910.0704
      0.328     0.00752  -2.458E-04  1011.39324  1011.39324   -5102.728   -5102.728   -4204.148  6001.30714  -25787.626  19158.8078  -13157.538    18.81608  -2003.9704  23783.8433
       0.33      0.0081  -1.375E-04  2527.03858  2527.03858   -5428.006   -5428.006    -4482.96   6373.0519  -30118.363  20088.2387  -13715.187  1317.94961   -3736.128  26382.2359
      0.332     0.00867  -4.603E-05  3517.54169  3517.54169   -5687.137   -5687.137   -4716.138  6658.13511  -31454.398   20529.818  -13871.683  2222.28467   -4812.799  26641.5991
      0.334     0.00922   2.593E-05  4197.08382  4197.08382   -5930.152   -5930.152    -4936.93  6923.37527   -31709.53  20886.8644  -13963.489  2867.20935   -5526.958  26182.5686
      0.336     0.00976   7.698E-05  4627.35258  4627.35258   -6172.743   -6172.743   -5155.699  7189.78751  -31476.218  21287.4514  -14097.664  3290.18331   -5964.522  25511.6958
      0.338     0.01027   1.064E-04  4799.50459  4799.50459   -6414.735   -6414.735   -5372.233  7457.23635  -30737.852  21732.8098  -14275.573  3483.30621   -6115.703  24622.1488
       0.34     0.01077   1.139E-04  4712.12515  4712.12515   -6655.716   -6655.716   -5586.157  7725.27543  -29493.474  22222.3838  -14497.108  3445.25111   -5978.999  23514.4747
      0.342     0.01125   1.004E-04  4374.21106  4374.21106   -6895.032   -6895.032   -5796.947  7993.11816  -27763.697  22753.2829  -14760.165  3183.91816   -5564.504  22199.1933
      0.344     0.01171   6.792E-05  3811.77142  3811.77142   -7131.774   -7131.774   -6003.965  8259.58404  -25603.729  23319.0886  -15059.505  2722.30846   -4901.234  20702.4942
      0.346     0.01216   1.935E-05  3060.14451  3060.14451   -7364.824   -7364.824   -6206.449  8523.19951  -23088.054  23911.3114  -15388.112  2091.69271   -4028.596  19059.4577
      0.348     0.01258  -4.198E-05  2159.97231  2159.97231   -7592.899   -7592.899   -6403.525   8782.2728  -20302.327  24520.1927   -15737.92   1328.0353  -2991.9093  17310.4177
       0.35     0.01298  -1.124E-04  1155.96667  1155.96667   -7814.592   -7814.592   -6594.236  9034.94711  -17340.761  25135.0046  -16100.057   470.90269  -1841.0306  15499.7301
      0.352     0.01336  -1.880E-04    94.72419    94.72419   -8028.247   -8028.247   -6777.459  9279.03494  -14296.145  25742.9488  -16463.942  -438.28668  -627.73505  13668.5512
      0.354     0.01372  -2.649E-04  -981.16053  -981.16053   -8231.085   -8231.085   -6951.321  9510.84834  -11222.431  26322.5342  -16811.686  -1360.4668   601.85422  11824.2852
      0.356     0.01407  -3.389E-04  -2017.6307  -2017.6307   -8422.571   -8422.571   -7115.452  9729.68967   -8261.088  26869.6375  -17139.948  -2248.8699  1786.39159  10047.4791
      0.358     0.01439  -4.062E-04  -2960.0961  -2960.0961   -8602.638   -8602.638   -7269.796  9935.48115   -5568.329  27384.1162  -17448.635  -3056.6973  2863.49482  8431.82429
       0.36     0.01469  -4.632E-04   -3757.969   -3757.969   -8771.247   -8771.247   -7414.317  10128.1769   -3288.693  27865.8557  -17737.679   -3740.588  3775.34947  7064.04232
      0.362     0.01497  -5.068E-04   -4371.616   -4371.616   -8927.537   -8927.537   -7548.437   10306.637  -1514.7598  28308.2665  -18001.596   -4265.788  4477.44389  5992.03694
      0.364     0.01523  -5.344E-04   -4801.855   -4801.855   -9064.384   -9064.384   -7667.392  10461.3768   -58.36786  28653.8317  -18192.649   -4626.279  4977.43217  5036.77163
      0.366     0.01547  -5.442E-04   -5006.979   -5006.979    -9184.63    -9184.63   -7773.068  10596.1912   880.44723  28926.8401  -18330.881   -4789.055  5224.90309  4345.61456
      0.368     0.01569  -5.347E-04    -4969.88    -4969.88    -9287.82    -9287.82   -7865.164  10710.4766  1266.70794  29123.2193   -18412.97   -4739.022  5200.73855  3935.16775
       0.37     0.01588  -5.052E-04   -4681.359   -4681.359   -9373.736   -9373.736   -7943.541  10803.9308  1081.52454  29240.8599  -18437.151   -4468.042  4894.67564  3814.26204
      0.372     0.01606  -4.556E-04   -4140.304   -4140.304   -9442.417   -9442.417   -8008.243  10876.5914   322.89159  29279.6439  -18403.269    -3975.12  4305.48733  3983.67614
      0.374     0.01622  -3.865E-04   -3353.972   -3353.972   -9494.116   -9494.116   -8059.461  10928.7701  -994.75838  29241.5522  -18312.782   -3266.594  3441.35045  4436.10882
      0.376     0.01636  -2.990E-04   -2336.506   -2336.506   -9529.542   -9529.542   -8097.703  10961.3807  -2838.4823  29130.1054  -18168.725  -2355.0977  2317.91425  5156.39656
      0.378     0.01647  -1.951E-04   -1110.401   -1110.401   -9549.465   -9549.465   -8123.521  10975.4087   -5161.604  28951.0207  -17975.612  -1260.4456   960.35648  6121.96041
       0.38     0.01657  -7.693E-05    295.4577    295.4577   -9554.948   -9554.948   -8137.671  10972.2252   -7902.571  28711.5329  -17739.308    -8.17299  -599.08839  7303.48261
      0.382     0.01665   5.232E-05  1843.64243  1843.64243   -9547.264   -9547.264   -8141.039  10953.4887  -10982.101  28420.8069  -17467.318   1368.6149    -2318.67  8663.43088
      0.384     0.01671   1.885E-04  3482.99781  3482.99781   -9527.872   -9527.872   -8134.587  10921.1571  -14293.071  28090.8216  -17169.665  2824.62489   -4141.371  10151.7002
      0.386     0.01675   3.269E-04  5156.04026  5156.04026    -9498.26    -9498.26   -8119.284   10877.236  -17717.223  27735.0217  -16857.475  4309.05472   -6003.026  11712.6461
      0.388     0.01678   4.627E-04  6805.27528  6805.27528   -9460.254   -9460.254   -8096.327  10824.1804  -21130.406  27366.6493  -16542.173  5770.78491   -7839.766    13289.16
       0.39     0.01678   5.912E-04  8372.51611  8372.51611   -9415.475   -9415.475    -8066.78  10764.1705  -24411.143   26999.292  -16235.122  7158.30652   -9586.726  14824.4173
      0.392     0.01676   7.078E-04  9800.84561  9800.84561   -9365.327   -9365.327    -8031.56  10699.0933  -27443.904  26646.3738   -15947.28  8421.41043  -11180.281  16263.6234
      0.394     0.01673   8.082E-04  11038.4266  11038.4266   -9311.357   -9311.357   -7991.681  10631.0333  -30118.461  26319.8975  -15688.864  9514.09742  -12562.756  17555.7049
      0.396     0.01667   8.885E-04  12038.3203  12038.3203   -9254.862   -9254.862   -7947.987  10561.7368   -32336.72   26030.766  -15469.029  10394.8003   -13681.84  18654.8803
      0.398     0.01659   9.454E-04  12760.5532  12760.5532   -9196.964   -9196.964   -7901.202  10492.7252   -34014.41  25788.1777  -15295.591  11028.0699  -14493.036  19522.0709
        0.4      0.0165   9.763E-04  13172.5213  13172.5213   -9138.416   -9138.416   -7851.803  10425.0286   -35085.25  25599.6551  -15174.784  11385.1088  -14959.934  20126.1063
      0.402     0.01638   9.796E-04  13218.6828  13218.6828   -9072.409   -9072.409   -7795.243  10349.5761   -35220.13  25411.6621  -15061.895  11424.7587  -15012.607  20206.5664
      0.404     0.01624   9.559E-04  12887.5572  12887.5572   -8995.417   -8995.417   -7729.242  10261.5923   -34272.73    25191.42  -14929.791  11140.9001  -14634.214  19638.3355
      0.406     0.01608   9.073E-04  12207.0548  12207.0548   -8907.796   -8907.796   -7654.138  10161.4534   -32328.47  24941.0791  -14779.586  10557.6131  -13856.496   18471.773
      0.408     0.01591   8.369E-04  11221.1577  11221.1577   -8810.136   -8810.136   -7570.428  10049.8436  -29511.278  24661.9814  -14612.138  9712.54895  -12729.766  16781.5117
       0.41     0.01572   7.487E-04  9986.60369  9986.60369   -8702.973   -8702.973   -7478.574  9927.37187  -25983.981  24355.8021   -14428.43  8654.35981  -11318.848  14665.1334
      0.412     0.01551   6.476E-04  8570.96452  8570.96452   -8586.891   -8586.891   -7379.075   9794.7072  -21939.298  24024.1404  -14229.433  7440.95481   -9700.974  12238.3234
      0.414     0.01529   5.389E-04   7049.5436   7049.5436    -8462.48    -8462.48   -7272.437  9652.52281  -17592.381  23668.6794  -14016.157  6136.87973   -7962.207  9630.17327
      0.416     0.01505   4.284E-04   5502.1881   5502.1881   -8330.342   -8330.342   -7159.176  9501.50836  -13171.365  23291.1433  -13789.635  4810.57502   -6193.801  6977.56385
      0.418      0.0148   3.218E-04  4009.85942  4009.85942   -8191.095   -8191.095   -7039.821   9342.3688   -8907.569  22893.2944  -13550.926  3531.43615   -4488.283  4419.28611
       0.42     0.01454   2.248E-04  2651.33357  2651.33357   -8045.403   -8045.403   -6914.936  9175.87076    -5024.84   22476.787  -13301.059  2366.95137  -2935.7158  2089.83966
      0.422     0.01427   1.424E-04  1497.46452  1497.46452   -7893.793   -7893.793   -6784.984  9002.60233  -1728.0146  22043.6038  -13041.151  1377.91917  -1617.0099   111.75319
      0.424     0.01399   7.863E-05   605.34236   605.34236   -7736.758   -7736.758   -6650.382  8823.13342   820.95565  21594.9209  -12771.943   613.24165  -597.44307  -1417.6212
      0.426      0.0137   3.675E-05    19.00032    19.00032   -7574.721   -7574.721   -6511.493  8637.94898   2496.2601  21131.9509  -12494.162   110.66161    72.66096  -2422.7974
      0.428     0.01341   1.891E-05  -230.95922  -230.95922   -7408.071   -7408.071   -6368.658  8447.48372  3209.05589  20656.0817  -12208.598  -103.55125   358.36719  -2850.6887
       0.43      0.0131   2.631E-05  -127.27919  -127.27919   -7237.335   -7237.335   -6222.312  8252.35689  2912.82722  20168.2646  -11915.908   -14.68265   239.87572  -2672.9515
      0.432     0.01279   5.906E-05   331.20218   331.20218   -7062.916   -7062.916   -6072.811  8053.02157  1602.88046  19669.9263  -11616.905   378.30138  -284.10298  -1886.9834
      0.434     0.01247   1.162E-04  1130.55824  1130.55824   -6885.273   -6885.273   -5920.546  7850.00109  -680.99401  19162.3751  -11312.374  1063.46372  -1197.6528  -516.65876
      0.436     0.01215   1.956E-04  2242.12991  2242.12991   -6704.866   -6704.866   -5765.911  7643.82116   -3856.913  18646.9253  -11003.104  2016.23943  -2468.0204  1388.89266
      0.438     0.01182   2.943E-04  3623.82945  3623.82945   -6522.159   -6522.159   -5609.305  7435.01292   -7804.626  18124.9047  -10689.892  3200.55332   -4047.106  3757.52044
       0.44     0.01149   4.084E-04  5221.95098  5221.95098    -6337.62    -6337.62   -5451.129  7224.11209  -12370.688  17597.6526  -10373.541  4570.37177    -5873.53  6497.15735
      0.442     0.01116   5.334E-04  6971.86197  6971.86197    -6151.68    -6151.68   -5291.751  7011.60853  -17370.433  17066.3938  -10054.785  6070.29548   -7873.428  9497.00477
      0.444     0.01083   6.637E-04  8795.56088  8795.56088    -5964.55    -5964.55   -5131.365  6797.73567  -22582.846   16532.106   -9734.155   7633.5172   -9957.605  12624.1654
      0.446     0.01049   7.934E-04  10611.8883  10611.8883   -5776.617   -5776.617   -4970.268  6582.96477  -27770.509  15994.7843    -9411.82  9190.31807  -12033.459  15737.0499
      0.448     0.01016   9.168E-04   12339.134   12339.134   -5587.942   -5587.942   -4808.547  6367.33644    -32705.5  15455.7135   -9088.377  10670.8143  -14007.454  18698.0425
       0.45     0.00982     0.00103  13898.9524  13898.9524   -5398.809   -5398.809   -4646.433  6151.18426   -37162.12  14915.3331   -8764.149  12007.8016  -15790.103   21372.017
      0.452     0.00948     0.00112  15220.5748  15220.5748   -5209.445   -5209.445   -4484.122  5934.76898   -40938.18  14374.2949   -8439.526  13140.6207  -17300.529  23637.6553
      0.454     0.00914      0.0012  16243.4771  16243.4771    -5020.08    -5020.08   -4321.809  5718.35178   -43860.76  13833.2519     -8114.9  14017.3941   -18469.56  25391.2021
      0.456      0.0088     0.00124  16919.9839  16919.9839   -4830.942   -4830.942    -4159.69  5502.19386   -45793.64  13292.8571   -7790.663  14597.2572  -19242.711  26550.9281
      0.458     0.00847     0.00127  17217.3183  17217.3183   -4642.259   -4642.259   -3997.962  5286.55598   -46643.17  12753.7624   -7467.206  14852.1152  -19582.521  27060.6442
       0.46     0.00813     0.00126  17119.0254  17119.0254   -4454.258   -4454.258   -3836.819  5071.69838   -46362.33  12216.6184    -7144.92  14767.8641  -19470.187  26892.1421
      0.462      0.0078     0.00122  16624.6463  16624.6463   -4267.141   -4267.141   -3676.432  4857.84949   -44949.82  11681.9961   -6824.147  14344.1106  -18905.182  26044.6351
      0.464     0.00746     0.00116  15747.1052  15747.1052   -4081.008   -4081.008    -3516.89  4645.12679   -42442.56  11150.1894   -6505.063  13591.9325  -17902.278  24540.2789
      0.466     0.00713     0.00107  14515.2394  14515.2394   -3895.937   -3895.937   -3358.257  4433.61675   -38922.94  10621.4143   -6187.798  12536.0476  -16494.431   22428.509
      0.468     0.00681   9.620E-04   12972.444   12972.444      -3712.      -3712.   -3200.597  4223.40243   -34514.95  10095.8785   -5872.476  11213.6515  -14731.237  19783.7168
       0.47     0.00648   8.337E-04  11176.0288  11176.0288   -3529.267   -3529.267  -3043.9692  4014.56577  -29382.338  9573.78684   -5559.221  9673.86706  -12678.191  16704.1479
      0.472     0.00616   6.921E-04  9194.31975  9194.31975    -3347.81    -3347.81  -2888.4345  3807.18623  -23720.313    9055.338   -5248.152  7975.25929   -10413.38  13306.9324
      0.474     0.00583   5.428E-04  7103.16789  7103.16789   -3167.695   -3167.695  -2734.0501  3601.34031  -17745.593  8540.72319   -4939.383  6182.84341   -8023.492  9722.10062
      0.476     0.00551   3.914E-04  4983.31616  4983.31616  -2988.9867  -2988.9867  -2580.8714  3397.10207  -11688.874  8030.12758   -4633.026  4365.82765   -5600.805   6088.0691
      0.478      0.0052   2.437E-04  2916.65279  2916.65279    -2811.73    -2811.73  -2428.9404  3194.51969   -5784.715  7523.79858    -4329.21  2594.41838   -3238.887  2545.48139
       0.48     0.00488   1.056E-04   982.95918   982.95918  -2636.0035  -2636.0035  -2278.3207  2993.68628  -260.42833  7021.83321   -4028.013   936.98206  -1028.9363  -769.17643
      0.482     0.00457  -1.746E-05  -740.31018  -740.31018  -2461.9575  -2461.9575  -2129.1412  2794.77375  4662.68899  6524.66084   -3729.694  -540.09181   940.52855   -3723.126
      0.484     0.00427  -1.197E-04   -2171.285   -2171.285  -2290.1559  -2290.1559  -1981.8735  2598.43829  8752.84385  6033.46815    -3435.03  -1766.6876  2575.88237   -6176.961
      0.486     0.00396  -1.959E-04   -3237.812   -3237.812  -2121.0801  -2121.0801  -1836.9514  2405.20879  11800.0651  5550.39438  -3145.1856   -2680.854  3794.77085   -8005.294
      0.488     0.00367  -2.419E-04   -3882.283   -3882.283  -1955.4359  -1955.4359  -1694.9575  2215.91425  13643.7771  5076.65187  -2861.0137   -3233.323   4531.2433   -9111.153
       0.49     0.00338  -2.551E-04   -4066.623   -4066.623  -1793.6724  -1793.6724  -1556.3022  2031.04266  14170.6283  4614.43724  -2583.6901   -3391.333  4741.91249   -9427.238
      0.492      0.0031  -2.340E-04   -3771.651   -3771.651  -1636.4252  -1636.4252  -1421.5184  1851.33202  13327.9341  4165.14299  -2314.1161  -3138.5027  4404.79953   -8921.609
      0.494     0.00283  -1.788E-04  -2999.0153  -2999.0153  -1484.2614  -1484.2614  -1291.0923  1677.43045  11120.4012  3730.38948   -2053.264  -2476.2433  3521.78722   -7597.089
      0.496     0.00257  -9.111E-05  -1770.9072  -1770.9072  -1337.7393  -1337.7393  -1165.5024  1509.97618  7611.43795  3311.77159  -1802.0907   -1423.577  2118.23748   -5491.724
      0.498     0.00232   2.616E-05  -129.84932  -129.84932  -1197.2576  -1197.2576   -1045.119  1349.39626  2917.39393  2911.45694  -1561.7368    -16.8085   242.89015  -2676.1234
        0.5     0.00208   1.687E-04  1866.17044  1866.17044  -1063.6693  -1063.6693  -930.61324  1196.72527  -2785.2588  2529.72367  -1332.7049  1694.05834  -2038.2825    745.5088
      0.502     0.00185   3.310E-04  4137.42252  4137.42252  -937.22969  -937.22969  -822.23468   1052.2247   -9274.229  2168.40339  -1115.9228  3640.83689   -4634.008   4638.9407
      0.504     0.00164   5.053E-04  6577.92452  6577.92452  -817.97567  -817.97567  -720.00476   915.94657  -16244.898  1827.23885  -911.29228  5732.63481   -7423.214  8821.68342
      0.506     0.00144   6.832E-04  9069.16084  9069.16084  -705.64976  -705.64976  -623.72541   787.57411  -23362.716  1506.30769  -718.73358  7867.98023  -10270.341  13092.3743
      0.508     0.00125   8.562E-04  11491.1506  11491.1506  -600.13357  -600.13357  -533.28896   666.97817  -30283.767  1205.04893  -537.94471  9944.00149    -13038.3  17244.8369
       0.51     0.00107     0.00102  13727.3522  13727.3522  -501.35916  -501.35916  -448.61918   554.09914   -36671.83   922.62027  -368.52113  11860.7157  -15593.989  21077.8451
      0.512   9.075E-04     0.00115  15668.0847  15668.0847  -409.05772  -409.05772  -369.50366   448.61178   -42216.78   658.90186  -210.29008  13524.2007  -17811.969  24404.8152
      0.514   7.539E-04     0.00127  17217.1217  17217.1217  -323.07537  -323.07537   -295.8045   350.34624    -46642.6     413.238   -62.89177  14851.9467  -19582.297  27060.3072
      0.516   6.113E-04     0.00134   18294.932   18294.932  -243.21583  -243.21583  -227.35347    259.0782   -49722.06    185.0679    74.01029  15775.7841   -20814.08  28907.9819
      0.518   4.793E-04     0.00138  18842.2231  18842.2231  -169.27193  -169.27193  -163.97298   174.57087   -51285.75   -26.20041   200.77128  16244.8907  -21439.555  29846.1953
       0.52   3.574E-04     0.00138  18822.6691  18822.6691  -101.02707  -101.02707  -105.47739    96.57675   -51229.88   -221.1857   317.76245  16228.1302  -21417.208  29812.6741
      0.522   2.454E-04     0.00134  18225.7251  18225.7251   -38.29565   -38.29565    -51.7076     24.8837   -49524.33  -400.41833   425.30203  15716.4639  -20734.986  28789.3416
      0.524   1.432E-04     0.00125  17071.8843  17071.8843    18.95399    18.95399    -2.63648   -40.54446   -46227.64  -563.98873   523.44427  14727.4575  -19416.311  26811.3287
      0.526   5.074E-05     0.00114  15407.0575  15407.0575    70.72148    70.72148    41.73565   -99.70731   -41470.99  -711.89586   612.18855  13300.4631  -17513.652    23957.34
      0.528  -3.193E-05   9.853E-04   13299.122   13299.122   117.01591   117.01591     81.4166  -152.61523   -35448.32  -844.16566   691.55043  11493.6612  -15104.583  20343.7362
       0.53  -1.049E-04   8.093E-04  10835.1079  10835.1079   157.85583   157.85583   116.42224  -199.28942  -28408.279  -960.85114   761.56172   9381.6491  -12288.567   16119.712
      0.532  -1.681E-04   6.152E-04  8117.46831  8117.46831   193.26925   193.26925    146.7766   -239.7619  -20643.594  -1062.0323   822.27043  7052.24377   -9182.693  11460.9013
      0.534  -2.217E-04   4.111E-04  5259.36467  5259.36467   223.29348   223.29348   172.51165  -274.07531  -12477.584  -1147.8158   873.74054  4602.44065   -5916.289   6561.2951
      0.536  -2.658E-04   2.054E-04  2380.11552  2380.11552    247.9752    247.9752   193.66741  -302.28298   -4251.158   -1218.335   916.05206  2134.51281  -2625.7182  1625.43943
      0.538  -3.004E-04   6.826E-06  -400.10791  -400.10791   267.37027   267.37027   210.29176  -324.44878  3692.33785  -1273.7495   949.30076  -248.53584   551.67997  -3140.6579
       0.54  -3.257E-04  -1.764E-04  -2965.3555  -2965.3555   281.54372   281.54372   222.44043  -340.64701  11021.6167  -1314.2451   973.59809  -2447.3195  3483.39152   -7538.225
      0.542  -3.418E-04  -3.367E-04   -5208.968   -5208.968   290.56953   290.56953   230.17684  -350.96222  17431.9381  -1340.0331   989.07092   -4370.416  6047.52009  -11384.418
      0.544  -3.489E-04  -4.673E-04   -7037.967   -7037.967   294.53077   294.53077   233.57218  -355.48935  22657.6508   -1351.351   995.86161    -5938.13  8137.80514  -14519.846
      0.546  -3.471E-04  -5.630E-04   -8377.495   -8377.495   293.51892   293.51892   232.70488  -354.33295  26484.8733    -1348.46   994.12701   -7086.296  9668.69417  -16816.179
      0.548  -3.366E-04  -6.198E-04   -9173.518   -9173.518   287.63434   287.63434   227.66097  -347.60772   28759.223  -1331.6469   984.03917   -7768.601   10578.434  -18180.789
       0.55  -3.176E-04  -6.357E-04   -9395.478   -9395.478   276.98565   276.98565   218.53352  -335.43779  29393.3953  -1301.2221   965.78427   -7958.853   10832.103  -18561.292
      0.552  -2.903E-04  -6.101E-04   -9037.485   -9037.485   261.68978   261.68978   205.42277  -317.95679  28370.5569  -1257.5196   939.56277   -7652.002  10422.9676  -17947.589
      0.554  -2.549E-04  -5.445E-04   -8118.613   -8118.613   241.87164   241.87164   188.43579  -295.30749  25745.2093  -1200.8963   905.58883   -6864.397  9372.82853  -16372.381
      0.556  -2.117E-04  -4.419E-04   -6682.084   -6682.084   217.66401   217.66401   167.68639  -267.64163  21640.8403  -1131.7317   864.09002   -5633.087  7731.08094  -13909.759
      0.558  -1.608E-04  -3.070E-04   -4793.413   -4793.413   189.20723   189.20723   143.29487   -235.1196  16244.6381  -1050.4266   815.30698   -4014.226  5572.60006  -10672.038
       0.56  -1.027E-04  -1.458E-04  -2537.5218  -2537.5218   156.64893   156.64893   115.38775   -197.9101  9799.23472  -957.40284   759.49274  -2080.6049  2994.43872   -6804.796
      0.562  -3.756E-05   3.426E-05   -16.16098   -16.16098   120.18436   120.18436     84.1294  -156.23932   2594.8045  -853.10994   696.93386    80.57658   112.89854  -2482.2222
      0.564   3.408E-05   2.250E-04  2654.08579  2654.08579    80.05079    80.05079    49.73221  -110.36938    -5033.93  -738.55103   628.18165  2369.34447  -2938.8271  2095.10274
      0.566   1.116E-04   4.175E-04  5348.98948  5348.98948    36.61097    36.61097    12.49807   -60.72387  -12733.655  -614.43725   553.71338  4679.26192   -6018.717  6714.93765
      0.568   1.946E-04   6.028E-04  7943.41996  7943.41996    -9.82949    -9.82949   -27.30804    -7.64905  -20146.313  -481.75021   474.10116  6903.05947    -8983.78  11162.5327
       0.57   2.823E-04   7.723E-04  10316.5132  10316.5132   -58.94404   -58.94404   -69.40622    48.48186   -26926.58  -341.42294    389.9048   8937.1394  -11695.887  15230.6926
      0.572   3.742E-04   9.180E-04  12356.9575  12356.9575  -110.40155  -110.40155  -113.51266   107.29044   -32756.42  -194.40147   301.69192  10686.0916  -14027.823  18728.5971
      0.574   4.696E-04     0.00103  13967.7765  13967.7765  -163.86696  -163.86696  -159.34015   168.39377   -37358.76   -41.64317   210.03693  12066.7937  -15868.759  21490.0011
      0.576   5.681E-04     0.00111  15070.4488  15070.4488  -219.00164  -219.00164  -206.59845   231.40484   -40509.25   115.88451   115.52033  13011.9413  -17128.956  23380.2964
      0.578   6.689E-04     0.00115  15608.3833  15608.3833  -275.47865  -275.47865  -255.00453   295.95277   -42045.71   277.14713    18.74716  13473.0141  -17743.752  24302.2471
       0.58   7.715E-04     0.00115  15549.0192  15549.0192   -332.9102   -332.9102  -304.23436   361.58604    -41876.6   441.33753   -79.75148  13422.1446  -17675.894   24200.703
      0.582   8.753E-04      0.0011  14886.5504  14886.5504  -391.01134  -391.01134  -354.03534   427.98734   -39983.83   607.34078  -179.35343  12854.3141  -16918.787  23065.0421
      0.584   9.797E-04     0.00101  13643.2532  13643.2532  -449.50284  -449.50284  -404.17091   494.83478   -36431.55   774.45935  -279.62458  11788.6308  -15497.876  20933.6754
      0.586     0.00108   8.831E-04  11867.1178  11867.1178  -508.13582  -508.13582  -454.42775    561.8439  -31356.878   941.98216  -380.13826   10266.229  -13468.007  17888.8719
      0.588     0.00119   7.232E-04  9629.05662  9629.05662  -566.66124  -566.66124   -504.5924   628.73009  -24962.418  1109.19764  -480.46755   8347.8909  -10910.222  14052.1956
       0.59     0.00129   5.368E-04  7019.82708  7019.82708  -624.82911  -624.82911   -554.4508   695.20743  -17507.517  1275.39973  -580.18753  6111.40957   -7928.245  9579.24884
      0.592      0.0014   3.316E-04   4146.2115   4146.2115  -682.39473  -682.39473  -603.79253   760.99694   -9297.146  1439.86476  -678.86782  3648.30937   -4644.114  4653.03254
      0.594      0.0015   1.159E-04  1126.27131  1126.27131  -739.10744  -739.10744  -652.40342   825.81145  -668.74564  1601.90105   -776.0896   1059.7892  -1192.7534  -524.00778
      0.596      0.0016  -1.014E-04  -1915.5304  -1915.5304  -794.72293  -794.72293  -700.07378   889.37208  8022.12739   1760.8003  -871.42948  -1547.4697  2283.59114    -5738.53
      0.598     0.00169  -3.113E-04   -4853.785   -4853.785  -848.99868  -848.99868  -746.59547   951.40188  16417.2091  1915.86021  -964.46755   -4065.976  5641.59462  -10775.568
        0.6     0.00179  -5.051E-04   -7567.664   -7567.664  -901.68931  -901.68931  -791.75893  1011.61969  24171.1372  2066.40691  -1054.7953   -6392.157  8743.17024  -15427.927
      0.602     0.00188  -6.750E-04   -9946.067   -9946.067  -952.55253  -952.55253  -835.35635   1069.7487  30966.5072  2211.74417  -1141.9955   -8430.787  11461.3477   -19505.16
      0.604     0.00197  -8.141E-04  -11892.914  -11892.914  -1001.3359  -1001.3359  -877.17068  1125.50113   36528.927  2351.12525  -1225.6241  -10099.513  13686.3155  -22842.611
      0.606     0.00205  -9.168E-04  -13330.883  -13330.883  -1047.7808  -1047.7808  -916.98058    1178.581    40637.41  2483.82492  -1305.2439  -11332.057  15329.7087  -25307.701
      0.608     0.00213  -9.792E-04  -14204.528  -14204.528  -1091.6345  -1091.6345  -954.56949  1228.69955   43133.539  2609.12129  -1380.4217  -12080.896  16328.1603  -26805.378
       0.61      0.0022  -9.991E-04  -14482.705  -14482.705   -1132.649   -1132.649  -989.72474  1275.57322    43928.33  2726.30546  -1450.7322  -12319.334  16646.0769  -27282.253
      0.612     0.00227  -9.760E-04  -14159.884  -14159.884  -1170.5809  -1170.5809  -1022.2378  1318.92402   43005.984  2834.68248  -1515.7585   -12042.63  16277.1385  -26728.846
      0.614     0.00233  -9.115E-04  -13256.394  -13256.394  -1205.1925  -1205.1925  -1051.9049  1358.48008   40424.585  2933.57261  -1575.0925   -11268.21  15244.5789  -25180.006
      0.616     0.00238  -8.087E-04  -11817.619  -11817.619  -1236.2398  -1236.2398  -1078.5191   1393.9605     36313.4  3022.35891  -1628.3519  -10034.963  13600.2755  -22713.357
      0.618     0.00243  -6.726E-04    -9911.81    -9911.81  -1263.5184  -1263.5184  -1101.9011  1425.13571  30868.1732  3100.30936  -1675.1204   -8401.411  11422.2094   -19446.23
       0.62     0.00247  -5.094E-04   -7627.376   -7627.376  -1286.8139  -1286.8139  -1121.8661  1451.76166  24341.6741  3166.77657  -1715.0149   -6443.337  8811.41446   -15530.26
      0.622     0.00251  -3.265E-04   -5066.732   -5066.732  -1305.9511  -1305.9511  -1138.2694  1473.63273  17025.5498  3221.45424  -1747.8215   -4248.499  5884.96475  -11140.585
      0.624     0.00254  -1.313E-04  -2334.1831  -2334.1831  -1321.0661  -1321.0661  -1151.2251  1490.90704  9218.26694  3264.64002   -1773.733  -1906.3146  2762.05161   -6456.215
      0.626     0.00256   6.833E-05   460.97678   460.97678  -1332.3545  -1332.3545  -1160.9009  1503.80808   1232.0959  3296.89261  -1793.0845   489.53674  -432.41681  -1664.5127
      0.628     0.00257   2.645E-04  3206.75835  3206.75835  -1340.0184  -1340.0184    -1167.47  1512.56687   -6612.994  3318.78959  -1806.2227  2843.06381   -3570.453  3042.54142
       0.63     0.00258   4.492E-04  5793.28903  5793.28903  -1344.2663  -1344.2663   -1171.111  1517.42162  -14003.082  3330.92646  -1813.5048  5060.09011   -6526.488  7476.59402
      0.632     0.00258   6.152E-04  8117.56956  8117.56956  -1345.3125  -1345.3125  -1172.0077  1518.61722  -20643.883  3333.91546  -1815.2982  7052.33056   -9182.809  11461.0749
      0.634     0.00258   7.560E-04  10087.8737  10087.8737  -1343.3794  -1343.3794  -1170.3503  1516.40848  -26273.233  3328.37421  -1811.9763  8741.16019  -11434.587  14838.6989
      0.636     0.00257   8.660E-04  11627.6592  11627.6592  -1338.6841  -1338.6841  -1166.3263  1511.04197  -30672.711  3314.97735  -1803.9354  10060.9788   -13194.34  17478.3715
      0.638     0.00255   9.410E-04  12679.0046  12679.0046  -1331.4644  -1331.4644  -1160.1379  1502.79081   -33676.56  3294.34944  -1791.5586   10962.132  -14395.877  19280.6779
       0.64     0.00254   9.786E-04  13204.9314  13204.9314  -1321.9516  -1321.9516  -1151.9841  1491.91906    -35179.2  3267.17007   -1775.251  11412.9264  -14996.936  20182.2666
      0.642     0.00252   9.777E-04  13191.8004  13191.8004  -1310.4028  -1310.4028  -1142.0851  1478.72043   -35141.69  3234.17349  -1755.4531  11401.6713   -14981.93  20159.7564
      0.644     0.00249   9.391E-04  12651.9819  12651.9819  -1297.1538  -1297.1538  -1130.7289  1463.57877   -33599.35  3196.31934  -1732.7406  10938.9697  -14364.994  19234.3533
      0.646     0.00247   8.655E-04  11621.2232  11621.2232  -1282.5625  -1282.5625  -1118.2221    1446.903  -30654.322  3154.62992  -1707.7269  10055.4623  -13186.984  17467.3383
      0.648     0.00244   7.609E-04  10156.3834  10156.3834  -1266.9889  -1266.9889  -1104.8732  1429.10456  -26469.066  3110.13381  -1681.0293  8799.88528  -11512.882  14956.1844
       0.65     0.00241   6.306E-04  8333.00907  8333.00907  -1250.7947  -1250.7947  -1090.9925   1410.5969  -21259.425  3063.86467  -1653.2678  7236.99299   -9429.025  11830.3998
      0.652     0.00238   4.813E-04  6242.11243  6242.11243  -1234.3491  -1234.3491  -1076.8951   1391.8031  -15285.219  3016.83412  -1625.0561   5444.7899   -7039.435  8245.90987
      0.654     0.00235   3.201E-04  3986.08076  3986.08076  -1217.9965  -1217.9965  -1062.8797  1373.11319    -8839.63  2970.15538  -1597.0422  3511.05444   -4461.107  4378.52269
      0.656     0.00232   1.550E-04   1674.6407   1674.6407  -1202.1289  -1202.1289   -1049.277  1354.98081  -2235.1657  2924.74965  -1569.8096   1529.8104   -1819.471   415.89863
      0.658      0.0023  -6.052E-06  -580.40543  -580.40543  -1187.0719  -1187.0719   -1036.373  1337.77088  4207.47364  2881.79961  -1544.0287  -403.07658   757.73429   -3449.739
       0.66     0.00227  -1.553E-04  -2669.3616  -2669.3616  -1173.2169  -1173.2169  -1024.4973  1321.93658  10175.9197  2842.21387  -1520.2773  -2193.6104  3145.11271   -7030.807
      0.662     0.00225  -2.853E-04   -4490.095   -4490.095   -1160.907   -1160.907  -1013.9459  1307.86807  15378.0149  2807.04258  -1499.1745   -3754.239  5225.95079  -10152.064
      0.664     0.00223  -3.898E-04   -5952.756   -5952.756  -1150.4709  -1150.4709  -1005.0007  1295.94116  19557.0472  2777.22532  -1481.2842   -5007.949  6897.56372  -12659.483
      0.666     0.00222  -4.634E-04    -6983.12    -6983.12  -1142.2289  -1142.2289   -997.9361  1286.52169  22500.9444  2753.67665   -1467.155   -5891.118   8075.1226  -14425.822
      0.668     0.00221  -5.021E-04   -7525.558   -7525.558  -1136.4972  -1136.4972  -993.02321  1279.97118   24050.768  2737.30037  -1457.3292   -6356.065  8695.05203  -15355.716
       0.67      0.0022  -5.036E-04   -7545.439   -7545.439  -1133.5878  -1133.5878  -990.52948  1276.64621  24107.5704  2728.98794  -1452.3417   -6373.106  8717.77298  -15389.797
      0.672      0.0022  -4.668E-04    -7030.62    -7030.62  -1133.8079  -1133.8079  -990.71813  1276.89774  22636.6585  2729.61676   -1452.719   -5931.832  8129.40823   -14507.25
      0.674     0.00221  -3.926E-04   -5991.964   -5991.964  -1137.4591  -1137.4591  -993.84774  1281.07055  19669.0686  2740.04879  -1458.9782   -5041.555  6942.37226  -12726.696
      0.676     0.00222  -2.834E-04   -4462.874   -4462.874  -1144.8373  -1144.8373  -1000.1718  1289.50269  15300.2411  2761.12915  -1471.6265   -3730.907  5194.84125    -10105.4
      0.678     0.00224  -1.430E-04  -2497.8574  -2497.8574  -1156.2316  -1156.2316  -1009.9385  1302.52484  9685.90781  2793.68451  -1491.1597  -2046.6068  2949.10795     -6736.8
       0.68     0.00227   2.325E-05   -170.1795   -170.1795  -1171.9247  -1171.9247  -1023.3896  1320.45973  3035.39954  2838.52175   -1518.062   -51.45435   288.90465  -2746.4949
      0.682     0.00231   2.090E-04   2430.8961   2430.8961   -1192.181   -1192.181  -1040.7521  1343.60976   -4396.245  2896.39681  -1552.7871  2178.03902  -2683.7532  1712.49185
      0.684     0.00235   4.070E-04  5202.79777  5202.79777  -1217.2156  -1217.2156  -1062.2104   1372.2208  -12315.964  2967.92441  -1595.7036  4553.95473   -5851.641  6464.32327
      0.686      0.0024   6.093E-04  8035.21091  8035.21091  -1247.2251  -1247.2251  -1087.9329   1406.5174  -20408.573  3053.66592  -1647.1485  6981.73743   -9088.684  11319.8887
      0.688     0.00247   8.079E-04  10815.2156  10815.2156  -1282.3975  -1282.3975  -1118.0806  1446.71433  -28351.444  3154.15824  -1707.4439  9364.59863  -12265.833  16085.6111
       0.69     0.00254   9.948E-04  13432.1465  13432.1465  -1322.9115  -1322.9115  -1152.8069  1493.01613   -35828.39  3269.91274  -1776.8966  11607.6822  -15256.611  20571.7783
      0.692     0.00262     0.00116  15782.3551  15782.3551  -1368.9371  -1368.9371  -1192.2574  1545.61681   -42543.27  3401.41445  -1855.7976  13622.1467  -17942.563  24600.7073
      0.694     0.00271      0.0013  17773.6718  17773.6718  -1420.6345  -1420.6345  -1236.5695   1604.6995   -48232.75  3549.12117  -1944.4217  15328.9897  -20218.354  28014.3931
      0.696     0.00282     0.00142  19329.3689  19329.3689   -1478.154   -1478.154  -1285.8719  1670.43614    -52677.6  3713.46276  -2043.0266  16662.4442  -21996.293  30681.3023
      0.698     0.00293     0.00149  20391.4627  20391.4627  -1541.6362  -1541.6362  -1340.2852  1742.98717   -55712.15  3894.84035  -2151.8532  17572.8104  -23210.115   32502.035
        0.7     0.00305     0.00153  20923.2117  20923.2117   -1611.211   -1611.211  -1399.9208  1822.50127   -57231.43   4093.6256  -2271.1243  18028.5953  -23817.828   33413.604
      0.702     0.00319     0.00153  20909.5431  20909.5431  -1686.9674  -1686.9674  -1464.8548  1909.07997   -57192.38  4310.07235  -2400.9924  18016.8793  -23802.207   33390.172
      0.704     0.00334     0.00149  20354.2653  20354.2653  -1768.8606  -1768.8606   -1535.049  2002.67218   -55605.87  4544.05287  -2541.3807  17540.9269  -23167.604   32438.268
      0.706     0.00349     0.00141  19283.3434  19283.3434  -1856.8045  -1856.8045  -1610.4295  2103.17956   -52546.09  4795.32132  -2692.1418  16622.9939  -21943.693  30602.4016
      0.708     0.00366      0.0013  17744.9287  17744.9287  -1950.7028  -1950.7028  -1690.9137  2210.49185   -48150.62  5063.60204  -2853.1102  15304.3527  -20185.505  27965.1192
       0.71     0.00384     0.00116  15807.2897  15807.2897  -2050.4486  -2050.4486  -1776.4101  2324.48702   -42614.51  5348.58997  -3024.1029  13643.5193   -17971.06  24643.4523
      0.712     0.00403       0.001  13555.8738  13555.8738   -2155.925   -2155.925  -1866.8185  2445.03151    -36181.9  5649.95119    -3204.92  11713.7342  -15398.013  20783.8822
      0.714     0.00423   8.275E-04  11089.6296  11089.6296  -2267.0053  -2267.0053  -1962.0302  2571.98044  -29135.484  5967.32352   -3395.343  9599.81062  -12579.449   16556.035
      0.716     0.00443   6.437E-04  8516.75017  8516.75017  -2383.5531  -2383.5531  -2061.9282  2705.17788    -21784.4  6300.31712   -3595.139  7394.48537   -9639.015  12145.3845
      0.718     0.00465   4.604E-04  5950.01805  5950.01805  -2505.4224  -2505.4224  -2166.3876  2844.45709  -14450.879  6648.51515   -3804.058  5194.42926   -6705.607  7745.27233
       0.72     0.00488   2.855E-04  3501.94946  3501.94946  -2632.4581  -2632.4581  -2275.2755  2989.64084   -7456.397  7011.47452   -4021.834  3096.08476   -3907.814  3548.58332
      0.722     0.00511   1.266E-04  1276.86871  1276.86871  -2764.4139  -2764.4139  -2388.3804  3140.44741  -1099.0239  7388.49094   -4248.044  1188.87269  -1364.8647  -265.84081
      0.724     0.00536  -1.051E-05  -642.81692  -642.81692  -2900.7047  -2900.7047  -2505.2011   3296.2083  4385.79217  7777.89317   -4481.685  -456.57214    829.0617    -3556.73
      0.726     0.00561  -1.211E-04  -2190.9287  -2190.9287  -3040.6556  -3040.6556   -2625.159  3456.15217   8808.9687  8177.75285   -4721.601  -1783.5251  2598.33231   -6210.636
      0.728     0.00586  -2.015E-04   -3317.277   -3317.277   -3183.585   -3183.585  -2747.6702  3619.50046  12027.1055  8586.12357   -4966.623  -2748.9661  3885.58705   -8141.518
       0.73     0.00612  -2.496E-04   -3989.819   -3989.819   -3328.808   -3328.808  -2872.1464  3785.46872  13948.6553  9001.04423   -5215.576   -3325.431  4654.20695   -9294.448
      0.732     0.00638  -2.643E-04   -4196.041   -4196.041   -3475.632   -3475.632  -2997.9958    3953.268  14537.8624  9420.54242   -5467.274   -3502.193  4889.88979   -9647.973
      0.734     0.00665  -2.463E-04   -3943.495   -3943.495   -3623.365   -3623.365  -3124.6244  4122.10616  13816.3021  9842.63782   -5720.532   -3285.725  4601.26569   -9215.036
      0.736     0.00691  -1.974E-04   -3259.596   -3259.596   -3771.288   -3771.288    -3251.42  4291.15601  11861.4478  10265.4456    -5974.19  -2699.5019  3819.69021   -8042.257
      0.738     0.00717  -1.210E-04  -2189.8256  -2189.8256    -3918.78    -3918.78   -3377.837   4459.7231  8805.81706  10686.6802   -6226.957  -1782.5796  2597.07165   -6208.745
       0.74     0.00744  -2.152E-05  -797.01369  -797.01369   -4065.072   -4065.072    -3503.23  4626.91411  4826.35436  11104.6577   -6477.744   -588.7408  1005.28658   -3821.068
      0.742     0.00769   9.598E-05   848.08816   848.08816   -4209.644   -4209.644   -3627.149  4792.13871   126.06338  11517.7192    -6725.58    821.3465  -874.82982  -1000.8932
      0.744     0.00795   2.272E-04  2685.63332  2685.63332   -4352.538   -4352.538    -3749.63  4955.44638   -5124.066  11925.9884   -6970.542  2396.38521  -2974.8814  2149.18422
      0.746      0.0082   3.678E-04  4652.97759  4652.97759   -4493.948   -4493.948   -3870.838  5117.05739  -10745.049  12330.0159   -7212.958   4082.6803   -5223.275   5521.7744
      0.748     0.00845   5.127E-04   6681.8913   6681.8913   -4634.068   -4634.068   -3990.941  5277.19491  -16541.946  12730.3597   -7453.165  5821.74919   -7542.033  8999.91219
       0.75      0.0087   6.569E-04   8701.4955   8701.4955   -4773.097   -4773.097   -4110.108  5436.08469  -22312.243  13127.5841   -7691.499  7552.83851   -9850.152  12462.0908
      0.752     0.00895   7.955E-04  10641.3091  10641.3091   -4911.233   -4911.233   -4228.511  5593.95457  -27854.568  13522.2588   -7928.304  9215.53585  -12067.082  15787.4855
      0.754     0.00919   9.236E-04  12434.2884  12434.2884   -5048.677   -5048.677    -4346.32  5751.03422   -32977.37   13914.958   -8163.924  10752.3753  -14116.202  18861.1643
      0.756      0.0092   9.290E-04   12510.837   12510.837   -5054.898   -5054.898   -4351.645  5758.15109   -33194.76  13932.4684   -8174.471  10817.9518  -14203.722  18991.8051
