0
2266.124625
4532.24925
6798.373877
9064.4985
11330.62313
13596.74775
15862.87238
18128.997
20395.12163
22661.24625
24705.54681
26749.84737
28794.14793
30838.44849
32882.74904
34927.0496
36971.35017
39015.65073
41059.95127
43104.25183
46159.95127
49215.65073
52271.35017
55327.0496
58382.74907
61438.4485
64494.14793
67549.84737
70605.54683
73661.24627
73269.5361
72877.82593
72486.11573
72094.40557
71702.6954
71310.98523
70919.27507
70527.56487
70135.8547
69744.14453
71436.39673
73128.64897
74820.90117
76513.1534
78205.4056
79897.6578
81589.91003
83282.16223
84974.41447
86666.66667
86507.7478
86348.8289
86189.91003
86030.99113
85872.07227
85713.1534
85554.2345
85395.31563
85236.39673
85077.47787
83935.8547
82794.23153
81652.6084
80510.98523
79369.36207
78227.7389
77086.11573
75944.4926
74802.86943
73661.24627
74305.54683
74949.84737
75594.14793
76238.4485
76882.74907
77527.0496
78171.35017
78815.65073
79459.95127
80104.25183
78793.2846
77482.3174
76171.35017
74860.38293
73549.4157
72238.4485
70927.48127
69616.51403
68305.5468
66994.5796
66628.45497
66262.33033
65896.2057
65530.0811
65163.95647
64797.83183
64431.7072
64065.5826
63699.45797
63333.33333
63173.33333
63013.33333
62853.33333
62693.33333
62533.33333
62373.33333
62213.33333
62053.33333
61893.33333
61733.33333
59743.33333
57753.33333
55763.33333
53773.33333
51783.33333
49793.33333
47803.33333
45813.33333
43823.33333
41833.33333
39349.45797
36865.5826
34381.7072
31897.83183
29413.95646
26930.08109
24446.20571
21962.33034
19478.45496
16994.57959
15305.54681
13616.51404
11927.48126
10238.44849
8549.41571
6860.382933
5171.35016
3482.317383
1793.284609
104.2518333
93.82665
83.40146667
72.97628333
62.5511
52.12591667
41.70073333
31.27555
20.85036667
10.42518333
0
-3007.747787
-6015.495573
-9023.24336
-12030.99115
-15038.73893
-18046.48672
-21054.23451
-24061.98229
-27069.73008
-30077.47787
-28569.73008
-27061.98229
-25554.23451
-24046.48672
-22538.73893
-21030.99115
-19523.24336
-18015.49557
-16507.74779
-15000
-16833.33333
-18666.66667
-20500
-22333.33333
-24166.66667
-26000
-27833.33333
-29666.66667
-31500
-33333.33333
-34532.79
-35732.24667
-36931.70333
-38131.16
-39330.61667
-40530.07333
-41729.53
-42928.98667
-44128.44333
-45327.9
-43461.77667
-41595.65333
-39729.53
-37863.40667
-35997.28333
-34131.16
-32265.03667
-30398.91333
-28532.79
-26666.66667
-29296.691
-31926.71533
-34556.73967
-37186.764
-39816.78833
-42446.81267
-45076.837
-47706.86133
-50336.88567
-52966.91
-54003.55233
-55040.19467
-56076.837
-57113.47933
-58150.12167
-59186.764
-60223.40633
-61260.04867
-62296.691
-63333.33333
-62666.66667
-62000
-61333.33333
-60666.66667
-60000
-59333.33333
-58666.66667
-58000
-57333.33333
-56666.66667
-55000
-53333.33333
-51666.66667
-50000
-48333.33333
-46666.66667
-45000
-43333.33333
-41666.66667
-40000
-42000
-44000
-46000
-48000
-50000
-52000
-54000
-56000
-58000
-60000
-57666.66667
-55333.33333
-53000
-50666.66667
-48333.33333
-46000
-43666.66667
-41333.33333
-39000
-36666.66667
-36000
-35333.33333
-34666.66667
-34000
-33333.33333
-32666.66667
-32000
-31333.33333
-30666.66667
-30000
-29333.33333
-28666.66667
-28000
-27333.33333
-26666.66667
-26000
-25333.33333
-24666.66667
-24000
-23333.33333
-21666.66667
-20000
-18333.33333
-16666.66667
-15000
-13333.33333
-11666.66667
-10000
-8333.333333
-6666.666667
-5666.666667
-4666.666667
-3666.666667
-2666.666667
-1666.666667
-666.6666667
333.3333333
1333.333333
2333.333333
3333.333333
4500
5666.666667
6833.333333
8000
9166.666667
10333.33333
11500
12666.66667
13833.33333
15000
13500
12000
10500
9000
7500
6000
4500
3000
1500
0
-2266.124625
-4532.24925
-6798.373877
-9064.4985
-11330.62313
-13596.74775
-15862.87238
-18128.997
-20395.12163
-22661.24625
-24705.54681
-26749.84737
-28794.14793
-30838.44849
-32882.74904
-34927.0496
-36971.35017
-39015.65073
-41059.95127
-43104.25183
-44726.61793
-46348.98407
-47971.35017
-49593.71627
-51216.0824
-52838.4485
-54460.8146
-56083.1807
-57705.54683
-59327.91293
-59702.86943
-60077.82593
-60452.7824
-60827.7389
-61202.6954
-61577.6519
-61952.6084
-62327.56487
-62702.52137
-63077.47787
-60103.0634
-57128.64897
-54154.2345
-51179.82007
-48205.4056
-45230.99113
-42256.5767
-39282.16223
-36307.7478
-33333.33333
-36307.7478
-39282.16223
-42256.5767
-45230.99113
-48205.4056
-51179.82007
-54154.2345
-57128.64897
-60103.0634
-63077.47787
-62702.52137
-62327.56487
-61952.6084
-61577.6519
-61202.6954
-60827.7389
-60452.7824
-60077.82593
-59702.86943
-59327.91293
-57705.54683
-56083.1807
-54460.8146
-52838.4485
-51216.0824
-49593.71627
-47971.35017
-46348.98407
-44726.61793
-43104.25183
-41059.95127
-39015.65073
-36971.35017
-34927.0496
-32882.74904
-30838.44849
-28794.14793
-26749.84737
-24705.54681
-22661.24625
-20395.12163
-18128.997
-15862.87238
-13596.74775
-11330.62313
-9064.4985
-6798.373877
-4532.24925
-2266.124625
0
2266.124625
4532.24925
6798.373877
9064.4985
11330.62313
13596.74775
15862.87238
18128.997
20395.12163
22661.24625
24705.54681
26749.84737
28794.14793
30838.44849
32882.74904
34927.0496
36971.35017
39015.65073
41059.95127
43104.25183
44726.61793
46348.98407
47971.35017
49593.71627
51216.0824
52838.4485
54460.8146
56083.1807
57705.54683
59327.91293
60369.5361
61411.15927
62452.7824
63494.40557
64536.02873
65577.6519
66619.27507
67660.8982
68702.52137
69744.14453
70103.0634
70461.9823
70820.90117
71179.82007
71538.73893
71897.6578
72256.5767
72615.49557
72974.41447
73333.33333
72974.41447
72615.49557
72256.5767
71897.6578
71538.73893
71179.82007
70820.90117
70461.9823
70103.0634
69744.14453
68702.52137
67660.8982
66619.27507
65577.6519
64536.02873
63494.40557
62452.7824
61411.15927
60369.5361
59327.91293
57705.54683
56083.1807
54460.8146
52838.4485
51216.0824
49593.71627
47971.35017
46348.98407
44726.61793
43104.25183
