 
 SAP2000 v24.1.0 File: SIMPLE-TORRE-DYNAMIC-INELASTIC  N, m, C Units  PAGE 1
 m/d/yy h:mm:ss
 
 T I M E   H I S T O R Y   D A T A 
 
 CASE  inelastic
 FUNCTION  disp-1-z:  Joint 2  Displacement  UZ    
 FUNCTION  accel-1-z:  Joint 2  Acceleration  UZ    
 FUNCTION  moment-0-0:  Frame 1  Station 1  Moment 3-3    
 FUNCTION  Point:  Function  Point    
 FUNCTION  rot-1:  Joint 2  Displacement  RY    
 FUNCTION  accel-rot-1:  Joint 2  Acceleration  RY    
 
       TIME    FUNCTION    FUNCTION    FUNCTION    FUNCTION    FUNCTION    FUNCTION
               disp-1-z   accel-1-z  moment-0-0       Point       rot-1 accel-rot-1
         0.          0.          0.          0.          0.          0.          0.
      0.002          0.    -0.45302    -0.80536   2266.1246          0.     0.22651
      0.004  -2.718E-06    -0.90582    -4.83179   4532.2493   1.359E-06     0.45291
      0.006  -8.606E-06    -1.35819   -15.29884   6798.3739   4.303E-06      0.6791
      0.008  -1.993E-05    -1.80992   -35.42298   9064.4985   9.963E-06     0.90496
       0.01  -3.848E-05    -2.26079   -68.41615   11330.623   1.924E-05      1.1304
      0.012  -6.608E-05    -2.71059  -117.48414   13596.748   3.304E-05      1.3553
      0.014  -1.045E-04    -3.15911  -185.82517   15862.872   5.226E-05     1.57955
      0.016  -1.556E-04    -3.60613   -276.6283   18128.997   7.780E-05     1.80306
      0.018  -2.211E-04    -4.05144  -393.07195   20395.122   1.106E-04     2.02572
       0.02  -3.028E-04    -4.49483   -538.3224   22661.246   1.514E-04     2.24741
      0.022  -4.024E-04    -4.89174  -715.45343   24705.547   2.012E-04     2.44587
      0.024  -5.216E-04    -5.28634  -927.36606   26749.847   2.608E-04     2.64317
      0.026  -6.620E-04    -5.67843   -1176.866   28794.148   3.310E-04     2.83922
      0.028  -8.250E-04    -6.06783  -1466.7411   30838.448   4.125E-04     3.03392
       0.03    -0.00101    -6.45436  -1799.7601    32882.75   5.062E-04     3.22718
      0.032    -0.00123    -6.83783  -2178.6714    34927.05   6.128E-04     3.41891
      0.034    -0.00147    -7.21806  -2606.2015    36971.35   7.330E-04     3.60903
      0.036    -0.00174    -7.59487  -3085.0539    39015.65   8.677E-04     3.79743
      0.038    -0.00204    -7.96807   -3617.908    41059.95     0.00102     3.98404
       0.04    -0.00237    -8.33751   -4207.417    43104.25     0.00118     4.16875
      0.042    -0.00273    -8.90518   -4856.567    46159.95     0.00137     4.45259
      0.044    -0.00313    -9.46863   -5569.036    49215.65     0.00157     4.73431
      0.046    -0.00357   -10.02759   -6348.829    52271.35     0.00179     5.01379
      0.048    -0.00405    -10.5818   -7199.921    55327.05     0.00202      5.2909
       0.05    -0.00457     -11.131   -8126.253    58382.75     0.00229      5.5655
      0.052    -0.00514   -11.67492   -9131.728    61438.45     0.00257     5.83746
      0.054    -0.00575   -12.21331  -10220.216    64494.15     0.00287     6.10666
      0.056    -0.00641   -12.74591  -11395.544    67549.85      0.0032     6.37296
      0.058    -0.00712   -13.27248  -12661.498    70605.55     0.00356     6.63624
       0.06    -0.00789   -13.79275  -14021.823    73661.25     0.00394     6.89638
      0.062    -0.00871   -13.61732  -15478.994    73269.54     0.00435     6.80866
      0.064    -0.00958   -13.43544  -17032.987    72877.83     0.00479     6.71772
      0.066    -0.01051    -13.2472  -18682.509    72486.12     0.00525      6.6236
      0.068    -0.01149   -13.05268  -20426.223    72094.41     0.00574     6.52634
       0.07    -0.01252   -12.85197  -22262.745     71702.7     0.00626     6.42598
      0.072    -0.01361   -12.64517  -24190.648    71310.99      0.0068     6.32258
      0.074    -0.01474   -12.43238  -26208.461    70919.28     0.00737     6.21619
      0.076    -0.01593    -12.2137  -28314.672    70527.56     0.00796     6.10685
      0.078    -0.01716   -11.98923  -30507.726    70135.85     0.00858     5.99461
       0.08    -0.01844   -11.75908   -32786.03    69744.14     0.00922     5.87954
      0.082    -0.01977   -11.93996   -35148.68     71436.4     0.00989     5.96998
      0.084    -0.02115   -12.11518   -37596.22    73128.65     0.01057     6.05759
      0.086    -0.02257   -12.28466   -40129.91     74820.9     0.01129     6.14233
      0.088    -0.02405   -12.44831   -42750.95    76513.15     0.01202     6.22416
       0.09    -0.02557   -12.60608    -45460.5    78205.41     0.01279     6.30304
      0.092    -0.02715   -12.75786   -48259.68    79897.66     0.01357     6.37893
      0.094    -0.02877    -12.9036   -51149.57    81589.91     0.01439      6.4518
      0.096    -0.03045   -13.04323   -54131.21    83282.16     0.01522     6.52161
      0.098    -0.03218   -13.17667   -57205.59    84974.41     0.01609     6.58834
        0.1    -0.03396   -13.30388   -60373.66    86666.67     0.01698     6.65194
      0.102     -0.0358   -13.05471   -63635.67    86507.75      0.0179     6.52736
      0.104    -0.03768   -12.79936    -66990.5    86348.83     0.01884     6.39968
      0.106    -0.03962   -12.53794   -70436.33    86189.91     0.01981     6.26897
      0.108    -0.04161   -12.27059   -73971.32    86030.99      0.0208     6.13529
       0.11    -0.04365   -11.99741   -77593.55    85872.07     0.02182     5.99871
      0.112    -0.04573   -11.71855   -81301.09    85713.15     0.02287     5.85928
      0.114    -0.04786   -11.43414   -85091.95    85554.23     0.02393     5.71707
      0.116    -0.05004   -11.14432    -88964.1    85395.32     0.02502     5.57216
      0.118    -0.05226   -10.84921    -92915.5     85236.4     0.02613      5.4246
       0.12    -0.05453   -10.61163     -96000.    85077.48     0.02718   -82.86267
      0.122    -0.05684   -10.38362     -96000.    83935.85     0.02795  -115.41014
      0.124    -0.05919   -10.15538     -96000.    82794.23     0.02873   327.87332
      0.126    -0.06158    -9.92713     -96000.    81652.61     0.02953    -526.796
      0.128    -0.06401    -9.69888   -96000.01    80510.99     0.03034   738.95486
       0.13    -0.06648    -9.47064   -96000.01    79369.36     0.03116  -938.18187
      0.132    -0.06899    -9.24239   -96000.01    78227.74       0.032  1150.03639
      0.134    -0.07153    -9.01414   -96000.01    77086.12     0.03284  -1349.5677
      0.136    -0.07411     -8.7859   -96000.01    75944.49      0.0337  1561.11793
      0.138    -0.07673    -8.55765   -96000.01    74802.87     0.03458  -1760.9536
       0.14    -0.07938     -8.3294   -96000.02    73661.25     0.03546  1972.19946
      0.142    -0.08206    -8.45822   -96000.02    74305.55     0.03635  -2172.2204
      0.144    -0.08478    -8.58704   -96000.02    74949.85     0.03726  2383.51904
      0.146    -0.08753    -8.71585   -96000.02    75594.15     0.03818  -2583.3683
      0.148    -0.09031    -8.84467   -96000.02    76238.45      0.0391  2794.83862
       0.15    -0.09314    -8.97348   -96000.02    76882.75     0.04005  -2994.5161
      0.152    -0.09599     -9.1023   -96000.02    77527.05       0.041   3206.1582
      0.154    -0.09889    -9.23112   -96000.03    78171.35     0.04196   -3405.664
      0.156    -0.10182    -9.35993   -96000.03    78815.65     0.04294  3617.47777
      0.158    -0.10479    -9.48875   -96000.03    79459.95     0.04393   -3816.812
       0.16    -0.10779    -9.61756   -96000.03    80104.25     0.04493  4028.79735
      0.162    -0.11084    -9.35546   -96000.03    78793.28     0.04595    -4228.09
      0.164    -0.11392    -9.09336   -96000.04    77482.32     0.04697  4439.85632
      0.166    -0.11704    -8.83125   -96000.04    76171.35     0.04801   -4639.498
      0.168    -0.12019    -8.56915   -96000.04    74860.38     0.04906  4850.91528
       0.17    -0.12338    -8.30704   -96000.04    73549.42     0.05013   -5050.907
      0.172     -0.1266    -8.04494   -96000.04    72238.45      0.0512  5261.97425
      0.174    -0.12985    -7.78283   -96000.04    70927.48     0.05228   -5462.315
      0.176    -0.13314    -7.52073   -96000.05    69616.51     0.05338  5673.03323
      0.178    -0.13645    -7.25863   -96000.05    68305.55     0.05448   -5873.724
       0.18    -0.13979    -6.99652   -96000.05    66994.58      0.0556  6084.09224
      0.182    -0.14317    -6.92332   -96000.05    66628.45     0.05672   -6285.069
      0.184    -0.14656    -6.85012   -96000.05    66262.33     0.05785  6495.27718
      0.186    -0.14999    -6.77692   -96000.06    65896.21       0.059   -6696.352
      0.188    -0.15344    -6.70372   -96000.06    65530.08     0.06015  6906.46208
       0.19    -0.15693    -6.63052   -96000.06    65163.96     0.06131   -7107.634
      0.192    -0.16043    -6.55732   -96000.06    64797.83     0.06248  7317.64698
      0.194    -0.16397    -6.48412   -96000.07    64431.71     0.06366   -7518.917
      0.196    -0.16753    -6.41092   -96000.07    64065.58     0.06484  7728.83192
      0.198    -0.17111    -6.33772   -96000.07    63699.46     0.06604   -7930.199
        0.2    -0.17472    -6.26452   -96000.07    63333.33     0.06724  8140.01687
      0.202    -0.17836    -6.23253   -96000.07    63173.33     0.06845   -8341.468
      0.204    -0.18202    -6.20054   -96000.08    63013.33     0.06967  8551.22929
      0.206     -0.1857    -6.16855   -96000.08    62853.33      0.0709   -8752.723
      0.208    -0.18941    -6.13656   -96000.08    62693.33     0.07214  8962.44178
       0.21    -0.19315    -6.10458   -96000.08    62533.33     0.07338   -9163.978
      0.212     -0.1969    -6.07259   -96000.08    62373.33     0.07463   -9986.457
      0.214    -0.20069     -6.0406   -96000.09    62213.33      0.0759  -10808.935
      0.216    -0.20449    -6.00861   -96000.09    62053.33     0.07716  -11631.413
      0.218    -0.20833    -5.97662   -96000.09    61893.33     0.07844  -12453.892
       0.22    -0.21218    -5.94463   -96000.09    61733.33     0.07973   -13276.37
      0.222    -0.21606    -5.54676    -96000.1    59743.33     0.08102   -14098.97
      0.224    -0.21996     -5.1489    -96000.1    57753.33     0.08232   -14921.57
      0.226    -0.22388    -4.75104    -96000.1    55763.33     0.08363  -15744.171
      0.228    -0.22782    -4.35317    -96000.1    53773.33     0.08494  -16566.771
       0.23    -0.23178    -3.95531   -96000.11    51783.33     0.08626  -17389.371
      0.232    -0.23575    -3.55744   -96000.11    49793.33     0.08758  -18211.971
      0.234    -0.23974    -3.15958   -96000.11    47803.33     0.08891  -19034.572
      0.236    -0.24374    -2.76172   -96000.11    45813.33     0.09025  -19857.172
      0.238    -0.24775    -2.36385   -96000.11    43823.33     0.09158  -20679.772
       0.24    -0.25177    -1.96599   -96000.12    41833.33     0.09292  -21502.372
      0.242     -0.2558    -1.46938   -96000.12    39349.46     0.09427  -22325.006
      0.244    -0.25984    -0.97278   -96000.12    36865.58     0.09561  -23147.639
      0.246    -0.26388    -0.47617   -96000.12    34381.71     0.09696  -23970.272
      0.248    -0.26792     0.02044   -96000.13    31897.83     0.09831  -24792.905
       0.25    -0.27196     0.51704   -96000.13   29413.956     0.09965  -25615.538
      0.252      -0.276     1.01365   -96000.13   26930.081       0.101  -26438.172
      0.254    -0.28003     1.51025   -96000.13   24446.206     0.10234  -27260.805
      0.256    -0.28406     2.00686   -96000.14    21962.33     0.10369  -28083.438
      0.258    -0.28808     2.50346   -96000.14   19478.455     0.10503  -28906.071
       0.26    -0.29209     3.00007   -96000.14    16994.58     0.10636  -29730.144
      0.262    -0.29609     3.33776   -96000.14   15305.547      0.1077  -30557.044
      0.264    -0.30007     3.67545   -96000.15   13616.514     0.10902  -31386.825
      0.266    -0.30404     4.01314   -96000.15   11927.481     0.11035   -32219.48
      0.268      -0.308      4.3509   -96000.15   10238.448     0.11167   -33054.67
       0.27    -0.31193     4.68859   -96001.11   8549.4157     0.11298   -33890.21
      0.272    -0.31585     5.02628   -96001.12   6860.3829     0.11428   -34725.75
      0.274    -0.31975     5.36397   -96001.12   5171.3502     0.11558   -35561.29
      0.276    -0.32362     5.70166   -96001.12   3482.3174     0.11688   -36396.83
      0.278    -0.32748     6.03935   -96001.12   1793.2846     0.11816   -39738.66
       0.28    -0.33131     6.37705   -96001.12    104.2518     0.11944   -43080.48
      0.282    -0.33511     6.37913   -96001.13     93.8267      0.1207    -46422.2
      0.284    -0.33889     6.38122   -96001.13     83.4015     0.12196   -49763.91
      0.286    -0.34264      6.3833   -96001.13     72.9763     0.12321   -53105.62
      0.288    -0.34637     6.38538   -96001.13     62.5511     0.12446   -56447.34
       0.29    -0.35007     6.38747   -96001.14     52.1259     0.12569   -59789.05
      0.292    -0.35375     6.38955   -96001.14     41.7007     0.12692   -63130.76
      0.294     -0.3574     6.39164   -96001.14     31.2756     0.12813   68416.949
      0.296    -0.36103     6.39372   -96001.14     20.8504     0.12934   76212.589
      0.298    -0.36463     6.39581   -96001.14     10.4252     0.13054   84563.867
        0.3     -0.3682     6.39789   -96001.15          0.     0.13173   87904.137
      0.302    -0.37175     6.99924   -96001.15   -3007.748     0.13292    91244.17
      0.304    -0.37527     7.60058   -96001.15     -6015.5     0.13409   94584.204
      0.306    -0.37876     8.20192   -96001.15    -9023.24     0.13525   97921.968
      0.308    -0.38222     8.80327   -96001.15   -12030.99     0.13641  101252.925
       0.31    -0.38564     9.40461   -96001.16   -15038.74     0.13755  104583.882
      0.312    -0.38902    10.00596   -96001.16   -18046.49     0.13867  107914.838
      0.314    -0.39237     10.6073   -96001.16   -21054.23     0.13979  -113196.04
      0.316    -0.39567    11.20864   -96001.16   -24061.98     0.14089  -120968.93
      0.318    -0.39893    11.80999   -96001.16   -27069.73     0.14198  131787.506
       0.32    -0.40214    12.41133   -96001.17   -30077.48     0.14305  145111.921
      0.322     -0.4053    12.10989   -96001.17   -28569.73      0.1441  158436.643
      0.324    -0.40841    11.80844   -96001.17   -27061.98     0.14514  171304.422
      0.326    -0.41147    11.50699   -96001.17   -25554.23     0.14616  184106.917
      0.328    -0.41449    11.20555   -96001.17   -24046.49     0.14716  -201717.78
       0.33    -0.41747     10.9041   -96001.18   -22538.74     0.14816  238455.614
      0.332     -0.4204    10.60265   -96001.18   -21030.99     0.14913  -255387.65
      0.334    -0.42329    10.30121   -96001.18   -19523.24      0.1501  -285210.53
      0.336    -0.42613     9.99976   -96001.18    -18015.5     0.15104  -304585.05
      0.338    -0.42894     9.69832   -96001.18   -16507.75     0.15198    -324989.
       0.34    -0.43171     9.39687   -96001.18     -15000.      0.1529   340439.83
      0.342    -0.43444     9.76341   -96001.19   -16833.33     0.15381   359370.18
      0.344    -0.43713    10.12995   -96001.19   -18666.67     0.15471   -374005.4
      0.346    -0.43978    10.49649   -96001.19     -20500.     0.15559   -392402.5
      0.348    -0.44239    10.86303   -96001.19   -22333.33     0.15646   406307.83
       0.35    -0.44495    11.22958   -96001.19   -24166.67     0.15732   423074.74
      0.352    -0.44747    11.59612   -96001.19     -26000.     0.15816    -435332.
      0.354    -0.44995    11.96266   -96001.19   -27833.33     0.15898   467525.49
      0.356    -0.45237     12.3292    -96001.2   -29666.67     0.15979   -506465.1
      0.358    -0.45475    12.69574    -96001.2     -31500.     0.16058   -562287.7
       0.36    -0.45708    13.06228    -96001.2    -33333.3     0.16136   589133.52
      0.362    -0.45935     13.3021    -96001.2    -34532.8     0.16212   -610921.2
      0.364    -0.46157    13.54189    -96001.2    -35732.2     0.16286   -643760.5
      0.366    -0.46374    13.78171    -96001.2    -36931.7     0.16358    -665606.
      0.368    -0.46585    14.02153    -96001.2    -38131.2     0.16428   -690373.9
       0.37     -0.4679    14.26133   -96001.21    -39330.6     0.16497   711809.46
      0.372     -0.4699    14.50115   -96001.21    -40530.1     0.16563   -718832.3
      0.374    -0.47184    14.74095   -96001.21    -41729.5     0.16628   727910.22
      0.376    -0.47372    14.98076   -96001.21     -42929.     0.16691   739865.99
      0.378    -0.47554    15.22056   -96001.21    -44128.4     0.16751    -736751.
       0.38     -0.4773    15.46038   -96001.21    -45327.9      0.1681    -728881.
      0.382      -0.479    15.08729   -96001.21    -43461.8     0.16867   -720106.7
      0.384    -0.48064    14.71419   -96001.21    -41595.7     0.16921   712266.02
      0.386    -0.48222    14.34108   -96001.21    -39729.5     0.16974   695631.67
      0.388    -0.48374    13.96799   -96001.21    -37863.4     0.17025    -674847.
       0.39    -0.48521     13.5949   -96001.22    -35997.3     0.17074   -633673.4
      0.392    -0.48662     13.2218   -96001.22    -34131.2     0.17121   -592820.9
      0.394    -0.48798    12.84869   -96001.22     -32265.     0.17166   -568737.1
      0.396    -0.48929     12.4756   -96001.22   -30398.91      0.1721   -537149.6
      0.398    -0.49055    12.10251   -96001.22   -28532.79     0.17252   -509715.4
        0.4    -0.49176    11.72941   -96001.22   -26666.67     0.17292   478719.25
      0.402    -0.49292    12.25523   -96001.22   -29296.69     0.17331   -458240.1
      0.404    -0.49403    12.78106   -96001.22    -31926.7     0.17368   421781.18
      0.406    -0.49509    13.30688   -96001.22    -34556.7     0.17403   -407037.4
      0.408     -0.4961    13.83272   -96001.22    -37186.8     0.17437   -388594.4
       0.41    -0.49705    14.35854   -96001.22    -39816.8     0.17468   -361481.6
      0.412    -0.49795    14.88436   -96001.22    -42446.8     0.17498   328587.69
      0.414    -0.49879    15.41018   -96001.22    -45076.8     0.17526  305890.463
      0.416    -0.49956    15.93602   -96001.22    -47706.9     0.17552  -277669.85
      0.418    -0.50027    16.46184   -96001.22    -50336.9     0.17576  -230040.22
       0.42    -0.50092    16.98766   -96001.22    -52966.9     0.17597  190673.439
      0.422    -0.50149    17.19493   -96001.23    -54003.6     0.17616  157612.783
      0.424      -0.502    17.40218   -96001.23    -55040.2     0.17633  -144445.81
      0.426    -0.50244    17.60943   -96001.23    -56076.8     0.17648  122978.729
      0.428    -0.50281    17.81684   -96001.23    -57113.5      0.1766   -107767.6
       0.43    -0.50311    18.02395   -96001.23    -58150.1      0.1767  100338.958
      0.432    -0.50333    18.23121   -96001.23    -59186.8     0.17678   -85490.35
      0.434    -0.50348    18.43846   -96001.23    -60223.4     0.17683   -54540.11
      0.436    -0.50356    18.64571   -96001.23     -61260.     0.17685   -49120.64
      0.438    -0.50357     18.8518   -95989.43    -62296.7     0.17685   -44362.33
       0.44    -0.50349    19.05087    -95860.7    -63333.3     0.17682   -39849.08
      0.442    -0.50335    18.90011   -95598.39    -62666.7     0.17674   -35376.55
      0.444    -0.50312    18.74038   -95201.68     -62000.     0.17663  -30894.879
      0.446    -0.50283    18.57176   -94671.72    -61333.3     0.17648  -26385.799
      0.448    -0.50245    18.39437   -94009.71    -60666.7      0.1763  -25253.985
       0.45    -0.50201    18.20824   -93216.92     -60000.     0.17607  -24111.236
      0.452    -0.50149    18.01348   -92294.64    -59333.3     0.17582  -22962.026
      0.454     -0.5009    17.81021   -91244.28    -58666.7     0.17552  -21812.812
      0.456    -0.50024    17.59847   -90067.28     -58000.     0.17519  -20663.593
      0.458     -0.4995     17.3784   -88765.14    -57333.3     0.17482   -19514.37
       0.46     -0.4987    17.15011   -87339.43    -56666.7     0.17442  -18365.144
      0.462    -0.49783    16.71376   -85792.03     -55000.     0.17399  -17215.813
      0.464    -0.49689    16.26949   -84125.79    -53333.3     0.17352  -16066.478
      0.466    -0.49589    15.81753   -82343.86    -51666.7     0.17302  -14917.139
      0.468    -0.49483    15.35805   -80449.46     -50000.     0.17248  -13767.797
       0.47     -0.4937     14.8913   -78445.85    -48333.3     0.17192   -12610.53
      0.472    -0.49251    14.41751   -76336.35    -46666.7     0.17133  -11445.339
      0.474    -0.49127    13.93686   -74124.34     -45000.     0.17071  -10280.145
      0.476    -0.48997    13.44961   -71813.23    -43333.3     0.17006   -9114.947
      0.478    -0.48861    12.95601   -69406.48    -41666.7     0.16938   -7949.746
       0.48    -0.48721    12.45625    -66907.6     -40000.     0.16868   -6784.542
      0.482    -0.48575    12.68361   -64319.17     -42000.     0.16795   -5619.702
      0.484    -0.48425    12.90496   -61640.56     -44000.     0.16719   -4454.858
      0.486    -0.48269     13.1202   -58870.18     -46000.     0.16641   -3290.012
      0.488    -0.48108    13.32921   -56006.51     -48000.     0.16561  -2125.1621
       0.49    -0.47941    13.53191   -53048.05     -50000.     0.16478  -960.30929
      0.492    -0.47769     13.7282    -49993.3     -52000.     0.16392   655.44071
      0.494    -0.47592    13.91797   -46840.92     -54000.     0.16303  -378.02526
      0.496    -0.47409    14.10116   -43589.59     -56000.     0.16212    72.77717
      0.498    -0.47221    14.27766     -40238.     -58000.     0.16117   204.27195
        0.5    -0.47026    14.44739   -36784.89     -60000.      0.1602    -509.873
      0.502    -0.46827    13.74402   -33230.59    -57666.7      0.1592   787.01583
      0.504    -0.46621    13.03411   -29578.57    -55333.3     0.15818  -1091.6434
      0.506     -0.4641    12.31805  -25833.873     -53000.     0.15712  1370.20587
      0.508    -0.46195    11.59615  -22001.592    -50666.7     0.15605  -1673.4015
       0.51    -0.45975    10.86874  -18086.859    -48333.3     0.15494  1953.40758
      0.512     -0.4575    10.13619  -14094.847     -46000.     0.15382  -2255.1486
      0.514    -0.45522     9.39885  -10030.763    -43666.7     0.15268  2536.61958
      0.516    -0.45289     8.65703   -5899.851    -41333.3     0.15152   -2836.886
      0.518    -0.45053     7.91112  -1707.3851     -39000.     0.15034   3119.8405
       0.52    -0.44814     7.16147  2541.33086    -36666.7     0.14914   -3418.615
      0.522    -0.44572     6.74159  6841.55915     -36000.     0.14793  3702.90232
      0.524    -0.44328     6.31852   11189.722    -35333.3     0.14671   -4000.671
      0.526    -0.44081     5.89247  15582.8112    -34666.7     0.14547  4285.80394
      0.528    -0.43831     5.46361  20017.7975     -34000.     0.14423   -4582.721
       0.53     -0.4358     5.03217  24491.6315    -33333.3     0.14297  4868.71115
      0.532    -0.43326     4.59835  29001.2457    -32666.7      0.1417   -5164.765
      0.534     -0.4307     4.16234   33543.555     -32000.     0.14042  5451.62312
      0.536    -0.42813     3.72436    38115.46   -31333.33     0.13914   -5746.805
      0.538    -0.42555     3.28462   42713.846   -30666.67     0.13784  6034.53904
       0.54    -0.42295     2.84332   47335.587     -30000.     0.13654   -6328.842
      0.542    -0.42034     2.40068   51977.545   -29333.33     0.13524  6617.45807
      0.544    -0.41771     1.95689   56636.572   -28666.67     0.13393   -6910.875
      0.546    -0.41509     1.51217   61309.711     -28000.     0.13261   -8075.607
      0.548    -0.41245     1.06673   65993.602   -27333.33      0.1313   -9240.339
       0.55    -0.40981     0.62078   70685.079   -26666.67     0.12998   -10405.07
      0.552    -0.40717     0.17454   75380.969     -26000.     0.12866  -11569.801
      0.554    -0.40453    -0.27178   80078.101   -25333.33     0.12734  -12734.532
      0.556    -0.40189    -0.71797   84773.301   -24666.67     0.12602  -13899.263
      0.558    -0.39925    -1.16383   89463.395     -24000.      0.1247  -15063.994
       0.56    -0.39662    -1.60913   94145.213   -23333.33     0.12338  -16228.725
      0.562    -0.39399    -2.06596   96000.001   -21666.67     0.12233  -17057.826
      0.564    -0.39137    -2.39918   96000.002     -20000.     0.12146  -17188.598
      0.566    -0.38876     -2.7324   96000.004   -18333.33     0.12059   -17319.37
      0.568    -0.38616    -3.06562   96000.006   -16666.67     0.11972  -17450.142
       0.57    -0.38358    -3.39884   96000.007     -15000.     0.11886   -17577.54
      0.572      -0.381    -3.73206   96000.009   -13333.33       0.118  -17701.567
      0.574    -0.37845    -4.06528    96000.01   -11666.67     0.11715  -17825.593
      0.576    -0.37591     -4.3985   96000.012     -10000.      0.1163  -17949.619
      0.578    -0.37338    -4.73172   96000.013    -8333.33     0.11546  -18073.645
       0.58    -0.37088    -5.06494   96000.015    -6666.67     0.11463  -18197.671
      0.582    -0.36839    -5.26487   96000.016    -5666.67      0.1138  -18321.742
      0.584    -0.36593     -5.4648   96000.018    -4666.67     0.11298  -18445.813
      0.586    -0.36349    -5.66473   96000.019    -3666.67     0.11216  -18569.883
      0.588    -0.36107    -5.86466    96000.02   -2666.667     0.11136  -18693.954
       0.59    -0.35867     -6.0646   96000.022   -1666.667     0.11056  -18818.024
      0.592     -0.3563    -6.26453   96000.023   -666.6667     0.10977   -18941.32
      0.594    -0.35396    -6.46446   96000.025    333.3333     0.10899  -19063.842
      0.596    -0.35164    -6.66439   96000.026   1333.3333     0.10821  -19186.364
      0.598    -0.34934    -6.86432   96000.027   2333.3333     0.10745  -19308.886
        0.6    -0.34708    -7.06426   96000.029   3333.3333     0.10669  -19431.408
      0.602    -0.34484    -7.29751    96000.03       4500.     0.10595  -19553.919
      0.604    -0.34263    -7.53076   96000.031   5666.6667     0.10521  -19676.429
      0.606    -0.34045    -7.76402   96000.033   6833.3333     0.10448   -19798.94
      0.608     -0.3383    -7.99727   96000.034       8000.     0.10377  -19921.451
       0.61    -0.33619    -8.23052   96000.035   9166.6667     0.10306  -20043.961
      0.612     -0.3341    -8.46378   96000.036   10333.333     0.10237  -20166.472
      0.614    -0.33206    -8.69703   96000.038      11500.     0.10169  -20288.983
      0.616    -0.33004    -8.93029   96000.039   12666.667     0.10101  -20410.835
      0.618    -0.32806    -9.16354    96000.04   13833.333     0.10035  -20532.028
       0.62    -0.32612    -9.39679   96000.041      15000.     0.09971  -20653.222
      0.622    -0.32422     -9.0969   96000.042      13500.     0.09907  -20774.593
      0.624    -0.32235      -8.797   96000.043      12000.     0.09845  -20895.964
      0.626    -0.32052     -8.4971   96000.044      10500.     0.09784  -21017.336
      0.628    -0.31872     -8.1972   96000.046       9000.     0.09724  -21138.707
       0.63    -0.31695    -7.89731   96000.047       7500.     0.09665  -21260.078
      0.632    -0.31522    -7.59741   96000.048       6000.     0.09607   -21381.45
      0.634    -0.31351    -7.29751   96000.049       4500.      0.0955  -21502.821
      0.636    -0.31184    -6.99761    96000.05       3000.     0.09495  -21624.192
      0.638    -0.31019    -6.69772   96000.051       1500.      0.0944  -21745.564
       0.64    -0.30857    -6.39782   96000.052          0.     0.09386  -21866.405
      0.642    -0.30698    -5.94475   96000.053   -2266.125     0.09333  -21986.768
      0.644    -0.30541    -5.49168   96000.053    -4532.25      0.0928  -22107.131
      0.646    -0.30386    -5.03861   96000.054    -6798.37     0.09229  -22227.494
      0.648    -0.30233    -4.58554   96000.055     -9064.5     0.09178  -22347.858
       0.65    -0.30082    -4.13247   96000.056   -11330.62     0.09127  -22468.221
      0.652    -0.29932     -3.6794   96000.057   -13596.75     0.09077  -22588.584
      0.654    -0.29784    -3.22633   96000.058   -15862.87     0.09028  -22708.947
      0.656    -0.29638    -2.77326   96000.059     -18129.     0.08979   -22829.31
      0.658    -0.29492    -2.32019    96000.06   -20395.12     0.08931  -22949.673
       0.66    -0.29348    -1.86712   96000.061   -22661.25     0.08883  -23070.036
      0.662    -0.29204     -1.4584   96000.061   -24705.55     0.08835  -23190.384
      0.664    -0.29061    -1.04968   96000.062   -26749.85     0.08787  -23310.732
      0.666    -0.28918    -0.64096   96000.063   -28794.15     0.08739  -23429.219
      0.668    -0.28775    -0.23223   96000.064   -30838.45     0.08692  -23545.843
       0.67    -0.28633     0.17648   96000.065    -32882.7     0.08644  -23662.468
      0.672     -0.2849      0.5852   96000.066     -34927.     0.08597  -23779.092
      0.674    -0.28347     0.99394   96000.066    -36971.4     0.08549  -23895.716
      0.676    -0.28204     1.40266   96000.067    -39015.7     0.08501   -24012.34
      0.678     -0.2806     1.81138   96000.068     -41060.     0.08453  -24128.965
       0.68    -0.27916      2.2201   96000.069    -43104.3     0.08405   -24245.59
      0.682    -0.27771     2.54445    96000.07    -44726.6     0.08357  -24362.186
      0.684    -0.27624     2.86882   96000.071     -46349.     0.08308  -24478.783
      0.686    -0.27477     3.19318   96000.072    -47971.4     0.08259   -24595.38
      0.688    -0.27328     3.51753   96000.072    -49593.7     0.08209  -24711.976
       0.69    -0.27178      3.8419   96000.073    -51216.1     0.08159  -24828.573
      0.692    -0.27026     4.16625   96000.074    -52838.4     0.08109  -24937.284
      0.694    -0.26873     4.49062   96000.075    -54460.8     0.08058  -25038.111
      0.696    -0.26717     4.81499   96000.076    -56083.2     0.08006  -25138.938
      0.698     -0.2656     5.13934   96000.077    -57705.5     0.07953  -25239.764
        0.7    -0.26401     5.46371   96000.078    -59327.9       0.079  -25340.591
      0.702     -0.2624     5.53868   96000.079    -59702.9     0.07847  -25441.335
      0.704    -0.26076     5.61364    96000.08    -60077.8     0.07792  -25542.078
      0.706     -0.2591     5.68861   96000.081    -60452.8     0.07737  -25642.821
      0.708    -0.25742     5.76357   96000.082    -60827.7     0.07681  -25743.565
       0.71    -0.25572     5.83854   96000.083    -61202.7     0.07624  -25844.308
      0.712    -0.25399     5.91351   96000.084    -61577.7     0.07566  -25945.051
      0.714    -0.25224     5.98847   96000.085    -61952.6     0.07508  -26045.794
      0.716    -0.25047     6.06344   96000.086    -62327.6     0.07449  -26146.536
      0.718    -0.24867      6.1384   96000.087    -62702.5     0.07389  -26247.279
       0.72    -0.24684     6.21337   96000.088    -63077.5     0.07328  -26338.553
      0.722    -0.24499     5.61869   96000.089    -60103.1     0.07266  -26420.133
      0.724    -0.24312       5.024    96000.09    -57128.6     0.07204  -26501.714
      0.726    -0.24123     4.42932   96000.091    -54154.2     0.07141  -26583.294
      0.728    -0.23932     3.83464   96000.093    -51179.8     0.07077  -26664.874
       0.73     -0.2374     3.23997   96000.094    -48205.4     0.07013  -26746.455
      0.732    -0.23546     2.64529   96000.095     -45231.     0.06949  -26828.035
      0.734    -0.23352     2.05061   96000.096    -42256.6     0.06884  -26909.615
      0.736    -0.23156     1.45594   96000.097    -39282.2     0.06819  -26991.196
      0.738     -0.2296     0.86124   96000.098    -36307.7     0.06753  -27072.776
       0.74    -0.22764     0.26656     96000.1    -33333.3     0.06688  -27154.357
      0.742    -0.22567     0.86124   96000.101    -36307.7     0.06622  -27236.334
      0.744     -0.2237     1.45594   96000.102    -39282.2     0.06557   -27318.31
      0.746    -0.22172     2.05061   96000.103    -42256.6     0.06491  -27400.287
      0.748    -0.21974     2.64529   96000.104     -45231.     0.06425  -27727.599
       0.75    -0.21774     3.23997   96000.105    -48205.4     0.06358  -28054.912
      0.752    -0.21574     3.83464   96000.107    -51179.8     0.06291  -28382.225
      0.754    -0.21371     4.42932   96000.108    -54154.2     0.06224  -28709.537
      0.756    -0.21167       5.024   96000.109    -57128.6     0.06156  -29036.849
      0.758    -0.20961     5.61869    96000.11    -60103.1     0.06087   -29364.16
       0.76    -0.20753     6.21337   96000.111    -63077.5     0.06018   -29691.47
      0.762    -0.20542      6.1384   96000.113    -62702.5     0.05947  29878.1684
      0.764    -0.20329     6.06344   96000.114    -62327.6     0.05876  29959.9713
      0.766    -0.20113     5.98847   96000.115    -61952.6     0.05804  30041.7741
      0.768    -0.19895     5.91351   96000.117    -61577.7     0.05732  30123.5769
       0.77    -0.19675     5.83854   96000.118    -61202.7     0.05658  30205.3798
      0.772    -0.19452     5.76356   96000.119    -60827.7     0.05584  30287.1826
      0.774    -0.19227     5.68861    96000.12    -60452.8     0.05509  30368.9853
      0.776       -0.19     5.61363   96000.122    -60077.8     0.05433  30450.7879
      0.778     -0.1877     5.53868   96000.123    -59702.9     0.05357  30532.5905
       0.78    -0.18538     5.46371   96000.125    -59327.9     0.05279  30614.3932
      0.782    -0.18304     5.13934   96000.126    -57705.5     0.05201  30696.2789
      0.784    -0.18068     4.81499   96000.127    -56083.2     0.05123  30778.1647
      0.786     -0.1783     4.49062   96000.129    -54460.8     0.05043  30860.0505
      0.788    -0.17591     4.16625    96000.13    -52838.4     0.04964  30941.9363
       0.79    -0.17349      3.8419   96000.132    -51216.1     0.04883  31023.8222
      0.792    -0.17106     3.51753   96000.133    -49593.7     0.04802   31105.708
      0.794    -0.16862     3.19318   96000.134    -47971.4     0.04721  31187.5939
      0.796    -0.16616     2.86881   96000.136     -46349.     0.04639    31269.48
      0.798     -0.1637     2.54444   96000.137    -44726.6     0.04557  31351.3663
        0.8    -0.16122     2.22009   96000.139    -43104.3     0.04474  31433.2527
      0.802    -0.15873     1.81137    96000.14     -41060.     0.04391   31515.167
      0.804    -0.15624     1.40265   96000.142    -39015.7     0.04308  31597.0811
      0.806    -0.15374     0.99393   96000.143    -36971.4     0.04225   31678.995
      0.808    -0.15124     0.58519   96000.145     -34927.     0.04141   31760.909
       0.81    -0.14873     0.17647   96000.146    -32882.7     0.04058   31842.822
      0.812    -0.14622    -0.23224   96000.148   -30838.45     0.03974   31924.736
      0.814    -0.14372    -0.64096   96000.149   -28794.15     0.03891   32006.649
      0.816    -0.14121    -1.04968   96000.151   -26749.85     0.03807   32088.562
      0.818    -0.13872     -1.4584   96000.152   -24705.55     0.03724   32170.475
       0.82    -0.13622    -1.86712   96000.154   -22661.25     0.03641   32252.389
      0.822    -0.13374    -2.32019   96000.155   -20395.12     0.03558   32334.317
      0.824    -0.13126    -2.77326   96000.157     -18129.     0.03475   32416.245
      0.826     -0.1288    -3.22633   96000.158   -15862.87     0.03393   32498.174
      0.828    -0.12634     -3.6794    96000.16   -13596.75     0.03311   32580.102
       0.83    -0.12391    -4.13248   96000.161   -11330.62      0.0323   32662.031
      0.832    -0.12149    -4.58554   96000.162     -9064.5      0.0315   32743.959
      0.834    -0.11908    -5.03862   96000.164    -6798.37     0.03069   32825.887
      0.836     -0.1167    -5.49169   96000.165    -4532.25      0.0299   32907.815
      0.838    -0.11434    -5.94476   96000.167   -2266.125     0.02911   32989.743
       0.84      -0.112    -6.39783   96000.168          0.     0.02833   33071.671
      0.842    -0.10969     -6.8509   96000.169   2266.1246     0.02756   33153.599
      0.844    -0.10741    -7.30397   96000.171   4532.2493      0.0268   33235.528
      0.846    -0.10515    -7.75704   96000.172   6798.3739     0.02605   33317.456
      0.848    -0.10293    -8.21011   96000.173   9064.4985     0.02531   33399.384
       0.85    -0.10074    -8.66318   96000.175   11330.623     0.02458   33481.313
      0.852    -0.09858    -9.11625   96000.176   13596.748     0.02386   33563.242
      0.854    -0.09646    -9.56932   96000.177   15862.872     0.02315    33645.17
      0.856    -0.09438   -10.02239   96000.178   18128.997     0.02246   33727.099
      0.858    -0.09234   -10.47546    96000.18   20395.122     0.02178   33809.028
       0.86    -0.09034   -10.92853   96000.181   22661.246     0.02111   33890.957
      0.862    -0.08839   -11.33725   96000.182   24705.547     0.02046   33972.871
      0.864    -0.08648   -11.74597   96000.183   26749.847     0.01983   34054.784
      0.866    -0.08461   -12.15469   96000.184   28794.148      0.0192   34136.698
      0.868     -0.0828   -12.56341   96000.185   30838.448      0.0186   34218.611
       0.87    -0.08103   -12.97213   96000.186    32882.75     0.01801   34300.525
      0.872    -0.07932   -13.38085   96000.187    34927.05     0.01744   34382.438
      0.874    -0.07766   -13.78957   96000.188    36971.35     0.01689   34464.352
      0.876    -0.07606   -14.19829   96000.189    39015.65     0.01635   34546.265
      0.878    -0.07451   -14.60701    96000.19    41059.95     0.01584   34628.179
       0.88    -0.07302   -15.01573   96000.191    43104.25     0.01534   34710.092
      0.882    -0.07159    -15.3401   96000.192    44726.62     0.01486   34791.977
      0.884    -0.07023   -15.66446   96000.193    46348.98     0.01441   34873.862
      0.886    -0.06892   -15.98882   96000.194    47971.35     0.01397   34955.746
      0.888    -0.06768   -16.31318   96000.194    49593.72     0.01356    35037.63
       0.89    -0.06651   -16.63755   96000.195    51216.08     0.01317   35119.514
      0.892     -0.0654   -16.96191   96000.196    52838.45      0.0128   35201.399
      0.894    -0.06436   -17.28627   96000.196    54460.81     0.01245   35283.283
      0.896    -0.06339   -17.61063   96000.197    56083.18     0.01213   35365.167
      0.898    -0.06248     -17.935   96000.197    57705.55     0.01183   35447.051
        0.9    -0.06165   -18.25936   96000.198    59327.91     0.01155   35528.935
      0.902     -0.0609   -18.46761   96000.198    60369.54      0.0113    35610.78
      0.904    -0.06022   -18.67587   96000.199    61411.16     0.01107   35692.625
      0.906    -0.05961   -18.88412   96000.199    62452.78     0.01087    35774.47
      0.908    -0.05907   -19.09237   96000.199    63494.41     0.01069   35856.315
       0.91    -0.05862   -19.30063     96000.2    64536.03     0.01054   35938.161
      0.912    -0.05824   -19.50888     96000.2    65577.65     0.01041   36020.006
      0.914    -0.05794   -19.71713     96000.2    66619.28     0.01031    36347.18
      0.916    -0.05772   -19.92539     96000.2     67660.9     0.01024   36674.353
      0.918    -0.05757   -20.13364     96000.2    68702.52     0.01019   37001.526
       0.92    -0.05751   -20.34189     96000.2    69744.14     0.01017   37328.699
      0.922    -0.05753   -20.41102    95960.74    70103.06     0.01018   37577.054
      0.924    -0.05763   -20.47081   95781.096    70461.98     0.01023   37665.365
      0.926    -0.05782    -20.5209   95455.888     70820.9     0.01032   37753.671
      0.928    -0.05808   -20.56126    94984.76    71179.82     0.01046   37841.973
       0.93    -0.05843   -20.59188   94367.426    71538.74     0.01063   37930.269
      0.932    -0.05886   -20.61274   93603.666    71897.66     0.01084   -37961.16
      0.934    -0.05937   -20.62383   92693.334    72256.58      0.0111   -38049.44
      0.936    -0.05996   -20.62514    91636.35     72615.5      0.0114   -38137.72
      0.938    -0.06064   -20.61669   90432.705    72974.41     0.01174   -38226.01
       0.94     -0.0614   -20.59846   89082.459    73333.33     0.01212    -38314.3
      0.942    -0.06224   -20.42697   87585.918    72974.41     0.01254   -38402.66
      0.944    -0.06317   -20.24579   85944.124     72615.5       0.013   -38491.04
      0.946    -0.06417   -20.05502   84158.366    72256.58      0.0135   -38579.41
      0.948    -0.06525   -19.85475   82230.001    71897.66     0.01404   -38667.79
       0.95    -0.06642   -19.64507   80160.461    71538.74     0.01462   38726.229
      0.952    -0.06766   -19.42608   77951.223    71179.82     0.01525   38643.373
      0.954    -0.06898   -19.19788    75603.85     70820.9     0.01591    38529.13
      0.956    -0.07038   -18.96058   73119.965    70461.98      0.0166   38414.881
      0.958    -0.07185    -18.7143   70501.255    70103.06     0.01734   38300.629
       0.96     -0.0734   -18.45915   67749.472    69744.14     0.01812   38186.371
      0.962    -0.07502   -18.05878   64866.596    68702.52     0.01893   38072.042
      0.964    -0.07672   -17.64984   61855.307     67660.9     0.01977   37957.707
      0.966    -0.07848   -17.23254   58718.515    66619.28     0.02066   37843.369
      0.968    -0.08031   -16.80707     55459.2    65577.65     0.02157   -37759.77
       0.97    -0.08221   -16.37364   52080.359    64536.03     0.02252   -37645.86
      0.972    -0.08418   -15.93245   48585.089    63494.41     0.02351   -37531.95
      0.974    -0.08621    -15.4837   44976.526    62452.78     0.02452   -37418.05
      0.976     -0.0883   -15.02762   41257.861    61411.16     0.02557   -37304.14
      0.978    -0.09045   -14.56442   37432.339    60369.54     0.02664   -37190.25
       0.98    -0.09266   -14.09432   33503.251    59327.91     0.02775   -37076.35
      0.982    -0.09493   -13.50144  29474.0842    57705.55     0.02888   -36962.52
      0.984    -0.09725   -12.90216  25348.9111    56083.18     0.03004   -36848.69
      0.986    -0.09962   -12.29676  21132.0144    54460.81     0.03123   36794.713
      0.988    -0.10204   -11.68554  16827.6571    52838.45     0.03244   36680.278
       0.99    -0.10451   -11.06878  12440.2063    51216.08     0.03367    36565.84
      0.992    -0.10702   -10.44678  7974.04768    49593.72     0.03493   36451.399
      0.994    -0.10958    -9.81982  3433.60413    47971.35      0.0362   36336.956
      0.996    -0.11217    -9.18821  -1176.6662    46348.98      0.0375    36222.51
      0.998     -0.1148    -8.55225   -5852.272    44726.62     0.03882   36108.063
         1.    -0.11747    -7.91223  -10588.691    43104.25     0.04015   35993.613
